0.6259137690067291 0.5 -0.3952390929808392
0.6728951013598296 0.4803997399726209 -0.2538154234339416
0.8099765815528409 0.44483942065997356 0.11200673954847457
0.9716426159046596 0.4630232113792558 -0.264787987934222
1.0719634316859097 0.43582072648626585 -0.4103466645674291
1.1807888344245066 0.3884769513447212 -0.5593091052196075
1.2054427929536657 0.3730438817318852 -0.5889316701175629
1.3443681936080434 0.28024039655271465 -0.09090106001820736
1.3880548454912616 0.27625825940445636 -0.16883654200152864
1.5909249749076428 0.24167715504257448 0.006493925574800108
1.8096788261442334 0.24309774624104527 -0.01373914199610626
1.8723618190029716 0.24223648150880434 0.20056912101506733
1.9880845505286235 0.26576321496923017 0.3218283957414359
2.1634633536241057 0.3242379849745473 0.4562783433718992
2.3523551859331677 0.41695026495012144 0.17665454286665933
2.566392572719173 0.4551592312394637 0.6605036686182586
2.7341331635885573 0.5854789555192743 0.4015700132393091
2.7730194915610973 0.6019918445028875 0.3704761807136847
2.9243843372277243 0.6607836275614679 0.19801072152649127
2.932572158348763 0.6624264307380164 0.2190127947024215
3.0634944953478414 0.6915675275945424 -0.06604428440674046
3.1380958850024423 0.6866333560774825 -0.15152705994713347
3.1690301306957456 0.6819097734563752 -0.08736862538803115
3.2508280098117894 0.6747449655941519 -0.18441826710288217
3.3504126931617324 0.6561686578093077 -0.1384171806113869
3.391246498724993 0.650480181980281 -0.21761880776635084
3.4578737842437812 0.6357475244824105 -0.10494525207176142
3.523946007263049 0.6287879899787694 -0.30473475576363573
3.6209635310610775 0.5982729016116828 -0.4493608416665209
3.7486836160959287 0.5366777183559793 -0.04949602664227998
3.8117648091197385 0.5335528977410565 0.08563829020475697
3.8409611636004746 0.536059353997446 0.15293665066583612
4.07115659927657 0.5715417451295289 0.6269845272120615
4.263060612918368 0.7105774166743459 0.12849846714637858
4.459630560300747 0.7359763019726169 0.38582455752883665
4.579612790025125 0.784710959881277 0.21648815958204062
4.751084934094015 0.8224236597649259 0.12518704908763822
4.922072257032502 0.8439415839548852 0.4748732131560082
5.048881620227805 0.9091357745236844 0.31613362258612515
5.066391104675838 0.9148631951021368 0.3225001025962107
5.260627075068835 0.9797703248260786 0.4289244413201955
5.401163124429767 1.0440402541086866 0.6977316517738346
5.591302343397279 1.203456424623111 0.8596516505086373
5.6552352430527195 1.2776657605890571 1.0068147328695822
5.695926526598197 1.3419987817859371 1.0536828891925212
5.75488793908203 1.4456698809801827 1.0989760450748924
5.788098605327309 1.5107559102042676 1.203156973266581
5.863168996684787 1.7056680687932653 0.8689650870104111
5.92246924908975 1.775810716982526 0.717465142255364
5.95617743252549 1.8052242434662005 0.8612247037800975
6.017329033627618 1.87643143324768 0.8113619040283345
6.066286858807227 1.9279998832091683 0.6484199767557257
6.160151311784309 1.9991223170282755 0.9137041015858216
6.242379713440263 2.1057108789614634 0.9537149835061842
6.29461224001037 2.179328421132911 0.8316952891650786
6.321401258920296 2.208720314770512 0.7223359373130668
6.3993025570186 2.277367658832688 0.7989421677546504
6.461654082736122 2.341431458975667 0.5938628230771963
6.610664864942785 2.442038282888218 0.9996024337036813
6.685469085642198 2.558437143389126 1.4783884042933335
6.6991282615572825 2.7058300703880445 1.9320580476220315
6.619556293088873 2.9164248260483645 2.3037435164637987
6.574635829602224 2.9663231953957307 2.1844921478568464
6.496032527152828 3.0779067745072974 2.571371081744864
6.307616185678587 3.1987346318210403 2.4630697338284144
6.295271735890695 3.208686990125773 2.4637595043939724
6.257194703631999 3.239342192398503 2.610679856149701
6.188671622635194 3.2795750965310457 2.418357842741641
6.170487717083979 3.295627982669296 2.3639660695213234
6.029369087524904 3.4345700544512843 2.8969611737032257
5.844236228135366 3.480784983007755 3.006277932787818
5.64114164417147 3.5084356381400252 3.378273623456306
5.620201929169805 3.503384942231271 3.3451769554002864
5.388109552727505 3.455470782344406 3.5009662727278923
5.346592047780855 3.439873158339713 3.371853241187596
5.188105622166274 3.4027210473306124 3.5208825036855194
5.0949303708541915 3.365582369163256 3.3681191224153633
4.91772733212459 3.324740193860055 3.5540390253991934
4.876985553970357 3.3069139218373422 3.5258353522509354
4.725282989751127 3.2455744098696298 3.7719409079330233
4.586205572610231 3.144096815285798 3.7321133012948557
4.489421024238154 3.079221168029567 3.539303454570056
4.3094556937905315 3.0036181969407796 3.922073515308444
4.244420310505529 2.9392192862567517 3.7813173732187426
4.16455644981994 2.8797913073761494 3.5235787364853093
4.0270952311734485 2.824570733504054 3.261282342691925
3.9679517624686307 2.8174578722532395 3.1309541552024047
3.903696286900649 2.8181414798163438 3.0228336322443785
3.7021010427174956 2.842195925799421 2.6219677737956366
3.5127252136988973 2.9505309902111243 2.6941232579113477
3.429250061983395 2.990593868252347 2.801742924198459
3.381635528973663 3.007428834559805 2.851397167687632
3.159986183044698 3.0736190240800365 2.5517587176151664
2.989923304497815 3.1874446870306685 2.8481968032163105
2.758837747945438 3.257259054608016 3.075565168055334
2.514853661564252 3.2733921619457647 3.838479168894062
2.3661624120124474 3.1489405689787455 3.812191241783869
2.1733076006673473 2.9959625515620116 4.585752670405687
2.1442517932486904 2.7677474304366982 4.280079948187519
2.047717027668846 2.5585344796613487 4.220962835278933
1.9494342641785245 2.3749043819403415 4.229468287871862
1.8350495746922302 2.1567498827416425 4.137116829043335
1.8331215855037473 2.1537765730254517 4.138688081514961
1.7605371883163778 2.041452012508725 3.8699052937902807
1.7154075173425984 2.001201609023472 3.744215064155942
1.583870490893083 1.910704983445297 3.739854538669433
1.5175220530013913 1.8654826705196446 3.751784771005003
1.34014342814326 1.7414586730595067 3.1164750484027315
1.2441690832822045 1.7438698258438226 2.8053989953943086
1.1728909630637514 1.7687786768417304 2.6355143787536575
1.133644464168753 1.7905299184051169 2.76199040438211
1.0338612362188906 1.8303385959012788 2.6399147914641743
0.8927281652848935 1.9077477008286556 2.4139388411331364
0.7744117290035877 2.0131322900320754 2.759558603208709
0.6808001170775737 2.050742925593818 2.6789977072515225
0.5330409641917402 2.1244281785643766 2.2229775836718653
0.39366218736274095 2.3069442800894477 1.5531654799794632
0.3979175071827247 2.548275790590856 0.9801560645152841
0.5324500216286854 2.7489258392051226 1.2723556641754736
0.576476102373677 2.892040269152987 1.1300545509621434
0.6756563309577056 3.102307297475159 1.3035122856174852
0.7157875851310262 3.2488592657348434 1.4754250015573813
0.7212076394976392 3.3055179242537758 1.4380237415064294
0.7269013496126328 3.3481488138607216 1.4735520859334517
0.7369467135406403 3.45112333852869 1.6773204593666555
0.7163122787088398 3.644096763698576 1.138390656569126
0.8075229144568628 3.8417209013275055 1.2386798051940549
0.8126593003378547 3.8566136632224706 1.2166524189820525
0.8713750086272058 4.015419921775774 1.1684273164502563
0.9469554393552139 4.193010317067412 0.7047110641094272
0.9774076768791579 4.218906103569339 0.7675717334363836
0.999534179193374 4.240257468616323 0.7266081975362297
1.1435336073772273 4.368248159293185 0.32652909811307435
1.2533216296927772 4.405428019902977 0.5843788904644154
1.2866675096367934 4.427484485666383 0.4629899223583937
1.4165701769015384 4.492329060328995 0.35539962238993017
1.5903930463727063 4.556845111125251 0.5517430663154658
1.7305570610324796 4.64311691195277 0.3788766803583035
1.8028110262583397 4.671881994524991 0.17763670186954547
1.8941967451891988 4.6882883831072615 0.039138826810936084
1.9114310755870472 4.688963259217589 0.0527900846712155
2.060127919937282 4.696820278206134 -0.018366857412527707
2.125051497055099 4.69562770201769 0.039875179283268586
2.273308809984133 4.701542624250935 -0.13486030229529045
2.512569010387364 4.669078872914006 0.26178132040000707
2.622653328482119 4.698573745320557 0.3002597194450657
2.7401419055151073 4.734950657725084 0.3968513407353168
2.9377065048496296 4.817747342981268 0.04306358372240865
3.1867145092950007 4.828477153560372 0.3008518331287606
3.2933296711591726 4.861556622768857 0.15038909633598538
3.3172581630597042 4.865182584327929 0.23390799511344562
3.323221344418697 4.866603427986662 0.24331183462378408
3.518228001677236 4.915009878014323 0.585872652394192
3.618112098154752 4.981292407921433 0.8636765866375575
3.74873159989718 5.134147270288192 0.6891242057102782
3.819239286616519 5.192236071563387 0.6646732492065082
3.9830372748082525 5.32059150909389 0.8382260856799938
4.136923591884004 5.491660528858993 0.9991292177104738
4.202807001563528 5.59407160374743 1.010890203750151
4.283654919727076 5.723052933840606 1.2016360824317867
4.323765375741793 5.8267250110379205 1.492144008569944
4.339285302032363 6.0236411398642025 1.4434940314642049
4.3691795934424125 6.257200392527626 2.1587895383525346
4.294834992174523 6.368719563753606 2.514308099102926
4.195403601142651 6.440803736578398 2.2455596340173645
4.085224780837947 6.578520947753482 2.8520697969107576
3.903741227706611 6.632583669130831 2.570500071896774
3.869929814626288 6.654307877046958 2.5584394828058468
3.8523283006258424 6.665919322110427 2.531905338599895
3.7686979540941623 6.724331233379321 2.2082906885129043
3.6621919422679947 6.86813071485497 1.875176627235471
3.6114045412528935 7.029800795171068 1.321378701828369
3.6516686938056613 7.187871967135484 1.1229275560805643
3.7322359413038875 7.355570438582345 0.7779338216484664
3.8857983267847476 7.506857282967761 0.6052118432818592
3.9867962955848997 7.576729240015123 0.47861434139634146
4.206516502846393 7.690731265365183 0.7721773605791374
4.217641009863322 7.701565444013128 0.7995949401614693
4.251891590282792 7.73680259248888 0.7238422220203613
4.438979190070492 7.902167219639444 0.7381169565020752
4.5603062955327545 8.012531506074696 0.5326960117003371
4.69923364111171 8.094435330820424 0.5021892183940212
4.78361707634166 8.140774366089332 0.3572913408367079
4.801467352450672 8.147438116463626 0.3236221183254796
4.914608230570323 8.18538716785666 -0.062231600006828036
5.072758030711877 8.175532527875966 -0.288980512220192
5.131317613124452 8.15812259710078 -0.110799199925529
5.257550010730261 8.144078631276814 0.020356574722037696
5.396907800298652 8.146915870452062 -0.000821498426669013
5.643260508958069 8.146713492043967 0.4206369121627075
5.685159377779201 8.165456393479689 0.26987811727688976
5.770842806749618 8.189158736698941 0.2410971665671927
5.827803812332954 8.20316430233027 0.3159987061528282
5.993044443724424 8.257190478678938 -0.005563183279841677
6.177620840656096 8.256163635760396 -0.005292357621208301
6.307247668666325 8.25547759782416 -0.10932173094733139
6.441780834562884 8.240711327250867 -0.20876636496469742
6.675877002764648 8.191117327373249 0.3795581878481508
6.872265920993795 8.269456968413683 0.8744191398899064
6.979618540842395 8.397851657573018 0.3320537296192304
7.1328698920852815 8.45069596720304 0.8665960476474734
7.211228632132347 8.542937622270308 0.5483729278908603
7.273474635302732 8.58096176085915 0.5559609891549778
7.420714867504081 8.67244758107589 0.645415912835202
7.434551295829608 8.682866358857941 0.6792939458048531
7.53346220263282 8.762736349819438 1.0526744184405439
7.643261735528976 8.955343210769545 0.8734572225150623
7.716848827785282 9.043182188156328 0.6290978739790071
7.796605821175733 9.101224058672406 0.597048020838935
7.828543224144194 9.122935485180285 0.5586990237243287
7.9708494918690445 9.211896635493565 0.8075597625040609
8.085519460522239 9.331765204290702 0.3604227800759247
8.241610790578685 9.390593780071653 0.11789941714903907
8.376601948566616 9.406583313957423 -0.13279600971872185
8.523840493179161 9.38691487037649 -0.4042242467854155
8.722339349063502 9.302000730937214 -0.49067892056993606
8.756590956037765 9.283701448962987 -0.4919652799980183
8.797333303103237 9.261867005610469 -0.40657027996296524
8.933183290580548 9.20337548267079 -0.28601123899137776
8.956556424192833 9.196502052545753 -0.3054439032845322
9.144631139731546 9.137199989257436 -0.27952061687746316
9.36661110266833 9.073483887324738 -0.5276808837225556
9.462218775754145 9.017763164830114 -0.8967307482768653
