0.5459327787160874 0.5 -0.02418683270613388
0.55073244366494 0.4998838886641317 -0.031309598044364166
0.6010576997986481 0.49830771005157753 -0.16111724670257818
0.6367312162407257 0.49250983570936313 -0.21930008627362213
0.667640953672957 0.48562053053348453 -0.11734819093088
0.7160381599035327 0.479914992303969 -0.06157405132472887
0.7968259282199375 0.4749342659377913 -0.1633196568109588
0.8628656077566879 0.4640517581430853 -0.1968285862861806
0.9135362620169925 0.45394750198487105 -0.15476505595847764
0.9233927604596837 0.4524097633831709 -0.1449726676661626
0.9970710683594972 0.44165295787739417 -0.12220912464365082
1.0778016430379531 0.43173753327444264 -0.20357608996694132
1.1099472746074284 0.42510152447181 -0.09154504023686658
1.1561103942970137 0.4208636747777621 0.039640451512180264
1.241853763604655 0.4242643620787018 0.2776275953822306
1.2623615090368459 0.43010881316368577 0.23094121028188744
1.33168186720567 0.4464085520650647 0.4232447165076648
1.3740489461828003 0.46549365047519814 0.4678505376376636
1.4573393776467927 0.5075773699636645 0.19742470775096543
1.4762991892059325 0.5113699070231036 0.21798923734505704
1.5550834225081607 0.5288213281263477 0.006678417860835645
1.5829257255944835 0.5290072734250396 -0.04860484682078731
1.6269866241621216 0.5268640121644539 -0.10999113253762102
1.6541865310063073 0.5238601401605585 -0.11324710024774459
1.7417879567133892 0.5138969037382114 -0.04021352869649139
1.7471005028664217 0.5136831522774616 -0.04309059788823655
1.8432059952965296 0.5095393440902702 0.06674104814189102
1.8629469174673108 0.5108588336731129 0.13216525264580667
1.9322505757392554 0.5200720763300084 -0.03549184061487029
2.004360830453347 0.5175116754853526 0.04072323763331495
2.0162875636383935 0.5179976393426594 0.04343646910194985
2.0968649965497073 0.5214998413609103 0.043861110179910436
2.115801334713663 0.5223309432009613 0.10399727719648916
2.1400465306004004 0.5248615071920354 0.09287702037378268
2.1470727315525995 0.5255159626925523 0.10778215531484872
2.232852373728137 0.5347974462507937 0.18221961916290064
2.2694491253841607 0.5415408946025725 0.19021944019954376
2.3164306160722647 0.5505870586602637 0.09663127847634335
2.3565855618728744 0.5544794050215067 0.1021719407385337
2.4372238094934 0.5627471606446393 0.11711874477917786
2.53037484161245 0.5737070500241813 -0.2051761515117547
2.5370191719674215 0.5723243343760139 -0.20593889029929374
2.6103175252062094 0.557012272601994 -0.10404833214294251
2.694052568197079 0.5482682036475484 -0.27327507809649443
2.751680511834683 0.5321158240593016 -0.2428907840492143
2.829001728680667 0.5129569577968351 -0.21110549499525255
2.85758995393583 0.5068305458783737 -0.2609546548449282
2.93685328086173 0.48566374881009483 -0.4221885377586694
2.9841784097541746 0.46440529571205325 -0.3582971284108403
2.9882112319652894 0.46289516525942137 -0.3495485507294245
3.0245025438880124 0.44966636597868187 -0.3998092307520975
3.0501907963483563 0.4388113230896216 -0.4225666330223893
3.1017963927223238 0.4156066306008589 -0.24133541700098016
3.158159218123827 0.4017339042992943 -0.4173933295132013
3.2327613598922404 0.36865160964361465 -0.2832615827327304
3.278361422000596 0.35537793644139876 -0.33596738888245853
3.3056352966122104 0.34585373290105526 -0.43299537068573724
3.391227893870869 0.3062884334241259 -0.5455015623101392
3.414573652757925 0.2921191265254362 -0.5600577558226761
3.481777828974158 0.2499800922067286 -0.3626985899886561
3.520426766121074 0.23531332625779733 -0.3300418476962241
3.5742239565938494 0.21688393526451916 -0.2755490452820246
3.6007843841592573 0.2093742011722738 -0.27240790990913843
3.6547744671755686 0.19429195197292531 -0.13179450342090268
3.746549162642526 0.18212603001260122 -0.25702106922941775
3.8239616664673752 0.1617793675269242 -0.19901480255941498
3.8546796775980114 0.1555840189854051 -0.18987825080957765
3.901668243983457 0.14655311780774455 -0.15222404694835345
3.928494213479085 0.14243772342714728 -0.0933976242558534
3.998342573113626 0.13589501724438902 -0.003792677997582594
4.009004108884311 0.13585458127836847 0.02612540899769102
4.028384523679313 0.13636101776722243 0.017867002928383648
4.0357441536424865 0.1364925262914371 0.01997904316986492
4.111562637831086 0.13800750864002434 0.02061271454081153
4.18381409104198 0.13949701818245283 -0.0006031006679893293
4.25377509568873 0.1394548246487015 0.027616571541612716
4.338331154144664 0.14179056692061828 -0.17602854278090904
4.408426607752556 0.12932272315964594 0.006332808585556432
4.413528045767798 0.12935503002199183 0.006472751427280512
4.493063628218458 0.129869851266577 0.25999260954500497
4.552467865556287 0.14567218797620307 0.18707821462771662
4.595235969039123 0.15376783401941765 0.3160602687356118
4.643282616844713 0.1694801782885795 0.4783451312498199
4.725810050940324 0.2122714167164483 0.733560689524982
4.77234186997229 0.25421289135488195 0.8317245248798177
4.802789318156788 0.2876206363323831 0.9618613652427138
4.856133796507997 0.3641182994456956 0.8916836285184665
4.903381421850146 0.42265140709302434 0.7858534089334478
4.922253558985529 0.44154073496797336 0.7907157565545919
4.973936435881281 0.4937762126032839 0.9602105801437423
5.028175621224424 0.5712838940349108 0.9315415000581573
5.050613320211406 0.6014669923475956 0.9505854720714902
5.0651808356338295 0.6218631798030289 1.0035207935170474
5.1007349422782555 0.6776665880273157 1.0151467600650053
5.1128583915194 0.6971920204995185 0.9585573084954637
5.139598335041989 0.7352691767617535 1.0530519937434848
5.187807846046132 0.8199110367786795 1.188235004335313
5.196864575890953 0.8424186204809033 1.163381213669239
5.22694727086222 0.912125249822862 1.3725496394240824
5.231499624053843 0.9347867021947779 1.3063752427978392
5.2549563760376525 1.021419353671 1.4837977655140562
5.261973991144373 1.1018793199775092 1.6681007541667254
5.2546597617765025 1.1768104500738885 1.8694771336240128
5.250678556082486 1.189741001318366 1.9036811954261357
5.220209767279369 1.2778644020847356 1.975832847948144
5.2050221486925 1.3132880175339632 1.9778813292396753
5.183435611723264 1.3633530513376786 2.0099249368385106
5.145407544560655 1.4443126763950946 2.2801359309978455
5.119923813567529 1.4740008104357754 2.283946395334777
5.065301546680693 1.5371464169833213 2.555297397901137
4.997203729724321 1.5823772116622923 2.402113356054728
4.946769887947092 1.62837969189594 2.549000734754871
4.9170709049930625 1.6483764943356398 2.5705879887150727
4.894430754436848 1.6629202301866333 2.655095103025082
4.818693114079637 1.7029776872213032 2.867725470822701
4.814123990226454 1.7042612729422515 2.879331076525159
4.732601195532719 1.726145629138228 2.612581210314699
4.724964339685811 1.7306100575817533 2.618490255921187
4.6734816675234 1.7602995288229146 2.414067872831867
4.630450397900874 1.798617575137182 2.4422314889296217
4.615629302701344 1.8110850346326077 2.456904563481031
4.6102221807329595 1.8154996508542252 2.477449386188693
4.572144377732982 1.845305633224394 2.584553596338864
4.545778136144381 1.861727382174897 2.644502731211099
4.496353414788462 1.8885417711591852 2.697102544661025
4.417337807876093 1.926175123327205 2.600485003543035
4.363929749006179 1.9582699630348608 2.749546198850928
4.305851305496065 1.9822824472326197 2.6760817216690906
4.218745794978922 2.0260382740378895 2.3927770132880353
4.188720607207834 2.0539432831605167 2.4287360858025187
4.126050194534796 2.1081223484064893 2.6176998758437344
4.088328436574083 2.1299158050673928 2.592999520311614
4.075722525712309 2.137620174422222 2.6230812070069423
4.024636139974603 2.1667694004916527 2.468578653438939
3.9983658784095337 2.18771131007809 2.4749106002936445
3.940274081471767 2.2334218746836414 2.4986114853382784
3.910892915918086 2.255433888683753 2.5455688285461897
3.866187762420038 2.285758083511537 2.577391880142155
3.826907362681031 2.3106153872893387 2.6880125849137975
3.737342741093504 2.35427618632547 2.9983874864922164
3.6429880884983272 2.367881391430614 3.131263582352252
3.582340230172052 2.368507849758715 3.1046913102095934
3.5574712775662274 2.3694259642911493 3.0411627633279417
3.519308072851055 2.3732716287877214 3.0351316859477104
3.432754090657821 2.3825212206838304 3.156180568271824
3.4312932300982495 2.382499908262791 3.1553605350384593
3.388264617672526 2.3819074579936568 3.102151684585456
3.3474971107041767 2.383516202241076 3.2331486195242065
3.2518053157394644 2.3747304850482935 3.3092299636392846
3.1796397746555725 2.3625182356653815 3.3710448583392014
3.154346559055376 2.3566106103524223 3.394836161529212
3.1184202644162946 2.347312893197046 3.507035769484718
3.058371236684077 2.3243363359397513 3.518969960505539
2.980568744713942 2.293497388423694 3.771582381899482
2.9512313874825336 2.2721075506871613 3.747273590935716
2.926354870840563 2.254880331568369 3.807825464479427
2.892290553732251 2.2281009867037658 3.884606847931977
2.8212131610040365 2.1628070171065663 3.589542339179459
2.767913856820103 2.13719516510309 3.4790529253374998
2.6886558183857088 2.1093849529643887 3.7041251559946744
2.6488829195909847 2.0843088126229867 3.5789003863632107
2.612981162935363 2.0675248951634635 3.554774619355792
2.5944136560093174 2.059384537888546 3.5793918205367388
2.5823623911216873 2.0537434047554965 3.6063755562042386
2.544815723340627 2.0349167574636975 3.594670407650867
2.5323789775844823 2.0288618450445743 3.556073897737707
2.4483860901134915 1.9919075440798855 3.357938298968337
2.399253316397261 1.9811088755674104 3.379497874929114
2.3849522412407804 1.977640899022872 3.3664102565545715
2.3362249787824343 1.9664977816795002 3.2240503408982146
2.2496847783700726 1.9593456598055374 3.220244807363032
2.1843400640945907 1.9541955330695333 3.0263800605568196
2.096468062450494 1.9643645283173845 3.008297930847297
2.031352342884504 1.973095882857143 2.9827247783926807
2.0158344117096627 1.9755821357367893 3.0140342264882114
1.9714541111790989 1.9812741223336292 2.91024408871786
1.893255929999466 1.9996949793164362 3.043185978822093
1.8146832126579815 2.0074521150452207 3.2858853656386344
1.8111304687946783 2.006935892363313 3.292106734735994
1.76096614672496 1.9993279169665705 3.328299237120488
1.7036845897793609 1.988507043795267 3.2348118122657845
1.6646629359904708 1.9848589047183551 3.1416270165584623
1.5868698623822255 1.984856231517403 2.9929517600374127
1.547480089520391 1.9907546669093408 2.934337924748789
1.5036380573714918 1.9999735119680468 2.915174586553653
1.471940259268129 2.0072756768732054 2.940478187153956
1.3758075730288954 2.026874301407161 2.6624696982941947
1.3527953533163326 2.038829071250659 2.627646398855313
1.3058013061821785 2.065359615626514 2.6534372192342697
1.2370922631562693 2.101845568803935 2.432242958041265
1.1778030244167563 2.152739365615777 2.4733235198608763
1.1743272414982737 2.1554832903126075 2.4753543328252947
1.1338124274980195 2.1873339942799537 2.4369250374639524
1.0668453353261276 2.2442760449313757 2.3111567315370705
1.0017648142207862 2.315499547808488 2.248455341941237
0.9823550437246551 2.3396171502391994 2.2242614790116346
0.9529941969421579 2.3779629279951493 2.2140243530848154
0.9341000230633565 2.4031694974663327 2.144716105659752
0.8988088493707834 2.4577564747589533 2.0163652606044655
0.8877584853280777 2.4808936714354783 2.0388801214804104
0.8460972995284353 2.563300080009971 1.889523035294217
0.8337676573993543 2.6006652500299308 1.7845123566846428
0.8216947326592645 2.6562930575257466 1.67464141484159
0.8120443295134073 2.7488895299793983 1.4653215181603285
0.8174066786642867 2.79954095275865 1.3429048822772276
0.8339804790918373 2.871004296740448 1.3723420786171865
0.8401907755629194 2.901885735171873 1.432040905463435
0.8536624755096942 2.998351382878275 1.112727549888291
0.8775171461835662 3.046733645448005 1.1755629104687695
0.9010724237164165 3.103195957685945 1.0240930449822974
0.9260470119358375 3.1442335434329154 1.1003016274880333
0.9544542168358128 3.2000885430889188 1.058728624832274
0.9789272952733006 3.243629018305332 0.9452711986124234
1.0248160903362122 3.3071619838583706 0.8321306859429667
1.0909204697569514 3.379752655430668 0.5690477819932718
1.1001299069683608 3.385643250390147 0.573427801686938
1.1038096974225386 3.388019715372244 0.579000282312611
1.1423104889702709 3.413189243680655 0.6078931481868595
1.159600133404566 3.42521916122322 0.5734443041186879
1.2046417021157803 3.4543087488246673 0.41437279909451297
1.2566044378674606 3.4771640373191204 0.3257926683149797
1.2585613755025278 3.4778251508423184 0.3214898107575435
1.2756715811568373 3.4835235960719055 0.2816448581387878
1.3204996501486475 3.496493971918457 0.25213751895183767
1.353165018634448 3.5049092258529715 0.32118316527187496
1.4219467944636295 3.527793130400268 0.28687055979969894
1.488113157525373 3.5473127261000887 0.31407476172433124
1.5601142477007388 3.570700571936838 0.34399859473999667
1.5884820140088702 3.580863103306683 0.33723054131507313
1.634804794701865 3.597104978225337 0.3553954329041036
1.6430465656229243 3.6001639524806377 0.33883682822840167
1.731104863037342 3.631198223455386 0.48726147511419815
1.7320316653282448 3.6316893133988875 0.4857268460897224
1.8004472694194995 3.6678067124106875 0.6297553073911089
1.835517517170437 3.693363805558292 0.6338791782494642
1.8477295113704908 3.7023405126834326 0.6125178005557559
1.9163948154267036 3.750589781043262 0.6606390757317215
1.994217876049362 3.8110683723306122 0.5663764980241262
2.0261165371229763 3.8313517162500927 0.6532649791987667
2.053143733903604 3.852037497044554 0.6951469946745276
2.0913775436198416 3.8839254930183817 0.6033070521469581
2.126749896908866 3.9082971410165572 0.5380865166996381
2.180743170727112 3.9405220314923377 0.4830765789916689
2.237045206158173 3.9700540014105683 0.540735139622493
2.2424799130505617 3.973317158941997 0.5321256715961017
2.31766984617934 4.017587186232007 0.7385193844354845
2.380353326095944 4.074652856340418 0.9881951950716579
2.418698889348256 4.132849854466961 1.196348995291817
2.4462268316821514 4.202897574207497 1.1384223483055405
2.458114478805965 4.228656430987578 1.1555235718982888
2.4841295914092387 4.2876590602537155 1.2767619712611606
2.508269252880563 4.367377445369134 1.439421791026276
2.5193801980152704 4.451464891513325 1.358636117223249
2.5325693537987206 4.5126953622583965 1.4191016801223226
2.538885575035666 4.5540132255169175 1.3456864296789108
2.5588271889441425 4.6410979212058825 1.4376288051166615
2.562176924902446 4.666103354366693 1.4661635896094733
2.5637582283532176 4.6811610558892145 1.4544715400863395
2.569065983553065 4.7265838172180406 1.4272676314575239
2.5803916851849356 4.804950188015383 1.4273666128977032
2.5912809794515974 4.880349626111084 1.3364957675466296
2.6073332115119006 4.947602615059688 1.1701355603745665
2.617556250762293 4.971737901585053 1.1720972852724898
2.6525950931113402 5.054914079099624 1.127034830616513
2.652602215855617 5.054929062242034 1.1270591347369696
2.6660019007988685 5.083117912582476 1.0296379216174294
2.690979741311807 5.124678008910602 1.026111907112214
2.740430706521131 5.206305153094921 0.7580753041720625
2.7712007319483662 5.235438051941995 0.7028555702048773
2.8472062789023567 5.299828554089945 0.5952953705263619
2.852006301109961 5.30307938025105 0.5969811530460257
2.8817395339665133 5.323289478796464 0.5504711546020279
2.959620656532018 5.371089302919331 0.26057988623891865
2.960694400729393 5.371375608821882 0.2616251947589361
3.056172845152624 5.396941155950019 0.08783287487887367
3.1009208742181507 5.400881642313679 0.07366510879840253
3.194335081821851 5.407775484516153 0.04658337782047012
3.277572338230555 5.411655764236316 -0.10793503296420709
3.3099546202870527 5.408146945079722 -0.14134580892149934
3.395572474001008 5.395963978998747 -0.16694531696844345
3.4154646684724708 5.392611870355406 -0.1725567671974171
3.46587638959887 5.38382560700987 -0.2628028231790387
3.5542982490982853 5.360037919721303 -0.42462741828898637
3.591455108349359 5.343238028062514 -0.4578286708261315
3.6683246708402883 5.305360755095939 -0.7192794073269607
3.7352575892753777 5.246741320269892 -1.0103220776703492
3.7432116951308863 5.23406768395105 -1.0386432878836334
3.757791806330534 5.209305807011091 -0.9944782722784299
3.7693473145202416 5.191525877815016 -1.062941671623099
3.8033862079775633 5.1303648526707315 -1.2011968636486654
3.839143160463406 5.03806560839198 -1.0531373397162158
3.8691743476439266 4.985329125248199 -1.2039549979135902
3.8922579943290305 4.925252031019138 -1.198109610191758
3.925996726196342 4.838954288534921 -1.1505641365338037
3.9667027727629236 4.7478589566476 -1.2361463957574796
3.9909860844880924 4.678024876632717 -1.0852962458130504
4.020656963454505 4.621789748398585 -1.2262428666622929
4.023646002890168 4.613460680331459 -1.232035143275044
4.030893021597303 4.592892639637648 -1.1797465840456614
4.050392829876903 4.545595445393645 -1.186233003139437
4.072353964819633 4.491332065771489 -1.2356196325164694
4.1007753782201295 4.4097361888382745 -1.30266806791606
4.116102210571381 4.3539503355751314 -1.474403439237216
4.120985248827421 4.303449668201846 -1.3125347373365233
4.145072270735387 4.212266545290473 -1.2938076087704526
4.148448831682015 4.200389660840485 -1.2739675028221107
4.160136606246095 4.162177463388816 -1.181563124851785
4.167457028164462 4.144329690117055 -1.1857857041110984
4.194588816773451 4.07737636826704 -1.2389924909468273
4.216411796943654 4.014037191773897 -1.0970823386718216
4.257542999160508 3.9338042094017163 -0.9853476298383544
4.307567609541651 3.858350482084357 -0.9129270188988711
4.3675915583729115 3.7806693324282143 -0.7509588918227638
4.387598500242889 3.7619950699809923 -0.816280461187963
4.421771953740759 3.725642931489608 -0.6619497778743502
4.485010635565313 3.6763652095755317 -0.5855740280057307
4.56123615969261 3.6258151565406997 -0.49276981730465363
4.6091522255676445 3.6000865646787945 -0.4312986126414473
4.690862880041468 3.5624838350357524 -0.2079822311939222
4.786286948364435 3.542346120512626 -0.13719953553382108
4.81356658581254 3.538579704571333 -0.20404283004501828
4.863973605338982 3.5281493597840425 -0.14508373493812898
4.920769222730393 3.5198509322777323 -0.03454551675262013
4.974668895186665 3.5179881991902673 0.028211067873940954
5.025353746943157 3.5194184524326726 0.06975398142289392
5.048101531545621 3.5210077794998567 0.04384654098915776
5.062925047000597 3.521658156218519 -0.0026896625873445087
5.143183674501369 3.5214422870702653 0.23538403917916859
5.205867528233337 3.5364757428479745 0.2665523486371855
5.2380037672136766 3.545250540811886 0.3526872522649781
5.316615168827552 3.5741855747224327 0.5370491915009388
5.340017790795933 3.5881200952540233 0.6120447071361367
5.386793995988602 3.620955435680469 0.7613654166764711
5.437081573908999 3.6688821986891966 0.8428284605747132
5.475861526133427 3.712393356511753 0.7438750242347864
5.532217719237492 3.7642534839843242 0.9769782588745255
5.588028020346786 3.846923216713798 1.0764337758980012
5.605814171099255 3.879921337363395 1.0830899302369246
5.6420150527455055 3.948167509216539 1.0644607715360501
5.688686976148937 4.032328158205165 1.2263055644156176
5.7224394665227125 4.126399262473158 1.3503535272731129
5.737064593782436 4.1916654150204415 1.4066337686902708
5.744805066223046 4.23839235279938 1.4682832525758616
5.747962821922625 4.269087816974846 1.437376282975314
5.761038588318741 4.366510115413647 1.5154693843549327
5.765435034096776 4.445892035415856 1.7511844995516248
5.7527478502694755 4.5154601838070345 1.6460456951321218
5.747747496263999 4.581785156854155 1.5967696947184697
5.74528343296499 4.676632663062225 1.777512732712634
5.745156170798016 4.677239505431093 1.7780245762408025
5.732446675339602 4.7376899615361445 1.5994608876395717
5.731288325146912 4.778089426438182 1.6271210441311466
5.726680571942033 4.859809845695382 1.5541355695415053
5.728006826530181 4.939405979978102 1.695871885383986
5.727326203842576 4.944819266086655 1.6967783166291317
5.722289614958533 4.984586177568052 1.568561805535399
5.722395232033325 5.03185218524522 1.7309732484914457
5.719893453651513 5.047337224675609 1.6780592264692769
5.712484207021232 5.116147685316388 1.752668245285362
5.69795330283799 5.195161174967529 1.7359588847805132
