0.5376910239458084 0.5 0.039081545663527714
0.5970735566438135 0.5023219434370669 0.08972809904267733
0.6557857566922625 0.5076042613653795 -0.05462971235186957
0.6950877034791303 0.5054550688714293 -0.01359975747061852
0.7309336227730521 0.5049675430058274 -0.006630606107500224
0.7337029209108556 0.50494918061158 -0.0010117899714740322
0.7738731705538682 0.5049085367419703 -0.020185616572836646
0.8335181258338531 0.5037044029946509 0.01664357811622649
0.9131208384915775 0.5050293993084582 -0.1395109800020565
0.9887369496095819 0.4944111431733112 -0.35668180606611466
1.0823040955530834 0.45954622336148615 -0.33377786867843845
1.1191143625681894 0.44678220962134396 -0.4661161940914993
1.1489851090905594 0.4317545491639059 -0.44786415766801646
1.1557710039120488 0.4284944454692353 -0.443123305412774
1.2069442041588112 0.4042075578755237 -0.45631722596248536
1.2749344825771316 0.3708331481716948 -0.39397035528522184
1.3271848572992788 0.3491124721128034 -0.29501715854618854
1.3980871189167141 0.32756634097771803 -0.41579945429553666
1.4101588282802238 0.32223615373636977 -0.4167124235360733
1.4517601674394631 0.3038219406212895 -0.4479964009484188
1.4630992791748907 0.29837251854479285 -0.4117918912925532
1.5301174466687741 0.26910144559405347 -0.2880468994488277
1.538263274498902 0.2666879427175042 -0.27838704858682467
1.5958658009209894 0.2502246331014211 -0.19300944496470823
1.633835760337271 0.24280369275145958 -0.07153125522135395
1.6407033976079606 0.24231160245448058 -0.055515278970679816
1.676771198226311 0.24030722889427064 -0.014012272649838647
1.6860085277035053 0.24017778444309776 -0.0013336392614918917
1.6889444327098238 0.240173869002592 0.0017473147314909544
1.7790305168832883 0.24033127790476616 0.10893378048866321
1.8709793995711104 0.250387426135335 0.17336429192809438
1.9448559489075135 0.2633248544840619 0.18254240822113388
2.0049333849174 0.2744149896774073 0.13747390244115953
2.066160504596383 0.282885550024057 0.12974103656872749
2.151624321169427 0.294036350661986 0.012373453315787694
2.2481552066257104 0.2952308320266333 -0.14463203944830988
2.3171515426960387 0.2851815818103966 0.01471229402848645
2.3386657636795465 0.28549812819461934 0.014105419744390101
2.401791918361951 0.2863886081615295 -0.015580590263936543
2.4033882020310853 0.28636373510701874 -0.013195783885093449
2.4977094836514735 0.2851190196112502 -0.13460229859241396
2.5473141795002587 0.27840149557161764 0.00994123440547881
2.6086210657337143 0.2790109817765964 0.03259678050729931
2.650702240050873 0.2803831786230315 0.10665310889212826
2.7185530316615307 0.2876472400205821 0.010395253148907949
2.7951656799548767 0.2884436765821933 -0.12062938210877798
2.8322056150841566 0.2839537727374043 -0.09756937065721923
2.8675024219764356 0.2804989153755265 -0.035336218863801484
2.937798948007221 0.2780138675432579 0.02269745418494791
3.0076388258177222 0.27959932724225917 0.06750833509691359
3.03152512279214 0.28121430548233106 0.06775945041453124
3.094359748476788 0.2854784732699782 0.2709137026886665
3.1467765098659837 0.3000368132259858 0.1556914686766149
3.1672725433710456 0.303253906825203 0.1335556710645432
3.2042551492853515 0.30822272187879407 0.17624089096684115
3.2441993583763256 0.3153363294119731 0.22940292421484026
3.318000848564487 0.3325699840950767 0.0824071267267337
3.374466624302296 0.337233728275078 0.026212455342378094
3.416031524677018 0.3383234959719126 0.053737141389631995
3.5006049698335975 0.34287261079181697 -0.18714218672416844
3.5435216884183065 0.33474598926583976 -0.08913263185671644
3.6164439244540207 0.32822897087467773 -0.1122957290178811
3.686459795147908 0.3203332705661938 0.04075310526864509
3.7767050681686167 0.32401308306651866 0.09939216031981021
3.799109434346589 0.32624726327897036 0.1189848410436508
3.8741519392986126 0.3352185605398809 0.12423316992920815
3.89881650189762 0.3382985792110739 0.09833066446834592
3.957375089581913 0.34407531432309346 0.12986525532505536
4.035601826645873 0.3542917475124579 0.32583606002223797
4.120696628799179 0.38304349414948763 0.5199464375815467
4.19653456862759 0.42646001022781266 0.589200039722984
4.215546092148994 0.4391672684309335 0.5834686264553912
4.257291378729445 0.46672488836542714 0.5707707996700977
4.338339809635773 0.518762565512002 0.8590665275004794
4.399669306603509 0.589865856615201 0.9484041635138393
4.404839802877345 0.5970718564583651 0.9307518354810176
4.450315592832812 0.6581449121456209 1.1638433682528457
4.468675325520142 0.7007415809991684 1.1532602008998283
4.472389906005199 0.7091149092304819 1.153877481718406
4.500089349883997 0.7716585311680715 1.2960336111177568
4.52085410745171 0.8453205144456009 1.4191073655697246
4.523349753984567 0.8616465269600803 1.450103404628684
4.528587577154757 0.9048335308232222 1.452561015872353
4.539165563880376 0.993881791240397 1.4732113479185327
4.548431978445822 1.0885375653507592 1.6727846804894038
4.541782113447927 1.1535135384683946 1.8438754376072628
4.5250949676325565 1.213094330947524 2.0194578129821372
4.512741074066946 1.2387564786860228 1.99827446444767
4.486100363433024 1.2972339444945298 2.089026504666718
4.439208807799466 1.3794689301091436 2.326179682586659
4.42916982793484 1.3901293861996848 2.333836360713495
4.414128665526963 1.4058586320374704 2.3554555160131656
4.343568351733061 1.4765233074708637 2.268208386381597
4.323294525807774 1.500720054216558 2.2664370026261365
4.263670864971067 1.5721373065323931 2.418666627948477
4.205499301319409 1.6234596397378225 2.6414014679713453
4.1346414463167775 1.6621870542455504 2.884983194423845
4.107285159956004 1.6693651883653444 2.797216402534461
4.0531611361397495 1.6887777650694495 2.7879249689804557
4.007951792990676 1.7054686238857515 2.8031828681076316
4.007776769962966 1.7055302230101486 2.8028445432983546
3.9205113138254672 1.736276370623858 2.8849378419858835
3.8887077198231053 1.7446229946991951 2.785634779136203
3.873533022924651 1.7502648715410503 2.7880291971916473
3.85669084863023 1.756480847227383 2.7909612565985062
3.7673314296689164 1.7891635353436333 2.8351693615988234
3.7471467790502895 1.7955497224074104 2.80607395860797
3.734493351124931 1.7999620078343401 2.8420274661277602
3.6417551986265906 1.828605103819311 2.9795404974275033
3.6246586461296326 1.8314001467385408 2.9506128409430485
3.5608804016500653 1.8437307826607767 3.023783566232206
3.5262660398801327 1.8478276399922728 3.0485212668631396
3.516600882686841 1.848729795990922 3.0392177316670113
3.4563936768273718 1.8549151278169593 3.0498887663180443
3.3970676516614398 1.8603708570275548 3.0468367462306833
3.3143828540619014 1.8682292635167306 3.204926374685773
3.2988867557446344 1.8672465236205948 3.1945813974890265
3.219454715362884 1.8630335757890182 3.2186081969211537
3.203224475179041 1.8617811177691648 3.242394675831598
3.1039493981192123 1.851739956610354 3.0378081121716303
3.0727890378894274 1.854985581810017 3.020858521350407
2.99089995404637 1.8649207101613885 2.7555112054694275
2.940490872388144 1.8854110745139716 2.8258935248107555
2.8806982510654278 1.9049407187270422 2.799521311077014
2.8042192025133987 1.932172546195607 2.7486256253697445
2.777390131835713 1.943293934222948 2.816662909001999
2.738717430873474 1.9563215886730758 2.779012635151788
2.7240717663469356 1.961877440178887 2.831873064367146
2.6415002926779265 1.9883018268728911 2.8014471427191063
2.55337482861017 2.0194894819295572 2.583106443418596
2.5256760293841167 2.036796875096057 2.541827388939705
2.4929375689256807 2.0591831810285934 2.4702479293973023
2.43565626746893 2.1046900402092588 2.6029449865621936
2.429838740200294 2.1081665529870337 2.607243357062521
2.3771154608734255 2.1393668389533365 2.5139254558331734
2.3649969603528236 2.148159390955575 2.5199163002383163
2.3323608686636303 2.171541283054799 2.649984899038286
2.2981279424481778 2.1898714775173422 2.664848067382887
2.225542283655162 2.2273605246271373 2.730660011180218
2.140437497720207 2.2644441246562614 2.572233082800688
2.074334200667342 2.3067545565209953 2.606550789830613
2.016861756455023 2.3408190412450653 2.7033345648567453
1.941870553118316 2.37596399041644 2.9466754381257045
1.863498629744864 2.3914364728334734 3.187432408908911
1.8118114356542114 2.3890654835639245 3.230009698375917
1.7646769772636137 2.384887100092817 3.132203764676112
1.6724485170905976 2.3857530483050127 3.0566261066311116
1.6407463755473095 2.3884531706095546 2.9684810238186006
1.5853009625283052 2.3981484587519444 3.1522451332156787
1.5252423492575986 2.3975086613971324 3.25308031663017
1.4392259379466306 2.387878962171754 3.220149624980401
1.3832245809846844 2.3834705931363476 3.2183986504973974
1.295707368695278 2.376735497383374 3.161791034885193
1.2538949649300246 2.375890839639818 3.1979218013428548
1.1845328278435507 2.371979591935113 3.0926633051134513
1.0994630083806056 2.3761453276769378 3.1634679603573286
1.0728975913273038 2.375564108316416 3.126493902994369
0.9830720979854797 2.3769204641095647 3.031047228473034
0.9793757942675532 2.377330746194049 3.0391274829279697
0.9002256249799259 2.385469384577393 2.9200283730626313
0.8602546869801903 2.394473338038481 2.9972366127832832
0.8169081744002143 2.400774499169595 3.0176017020337174
0.7352901556334765 2.4109465761622926 2.9404814917847557
0.6868919149104439 2.420813385993636 2.7961944849301115
0.6052960804214562 2.4501733784717903 2.6405376590892633
0.5201542266983595 2.496803284346812 2.453899300918893
0.49721066855457224 2.515650627606169 2.378954919775094
0.4811076863591983 2.53103677979008 2.3925497976387824
0.44141028440058344 2.567947830219561 2.343640315179308
0.38222159647246134 2.6286416228624345 2.3389869872967175
0.3249442312991596 2.6879249036756137 2.224581096923495
0.3035803942795965 2.715807979864158 2.2004363788539076
0.25628896129492557 2.7807184895746 1.9949305393318053
0.2555032850896999 2.782458480388878 1.9953081159511434
0.24016041472422542 2.81640325405218 1.9828017381827732
0.207502509986337 2.89113230380455 1.7785948488712158
0.2067902314819416 2.894510560528247 1.7773230403963496
0.1923044276163738 2.963650575794209 1.6176406293915335
0.188111801242841 3.053086407729747 1.8443313061911517
0.18419962747076254 3.067030189878006 1.8518178779509011
0.16171741900997344 3.1449147465879883 1.6727813435092784
0.1567035203599584 3.193907271698511 1.7408461560460557
0.15373335709498961 3.2112050166315087 1.7437715373113374
0.1495694682855123 3.2350366239760007 1.7725385757232233
0.13149641470281145 3.3234028194706036 1.7640448012777377
0.11237934409072806 3.421093114691037 1.601287369079306
0.1120771111064451 3.431002232040601 1.6137806421445864
0.10916033517359225 3.4988171848393903 1.62992584763375
0.10441569396631119 3.578965142870557 1.515043986492035
0.10621681336325879 3.6112373819634143 1.529671771419976
0.10644827497051851 3.6168625153070164 1.5349437121666307
0.10868719696954582 3.6792836979494368 1.4081574492093596
0.11898871638817446 3.7420640682277946 1.3161830146749054
0.12547647827297487 3.7669918934142514 1.2910638076775824
0.12581645950551043 3.7681754052540075 1.2913965822307285
0.13016191231756497 3.7833213931120384 1.2579181844773684
0.15188633053807804 3.8504748881678528 1.4217497888375519
0.1592663629827326 3.8996226417310975 1.4661263539910119
0.1687953616723683 3.990328445064067 1.1688276847957781
0.20727319804170574 4.080839890304706 0.9544478008010886
0.2504080498510799 4.141729491767901 0.9980633877076014
0.25645565242556934 4.151108076120717 0.990722051789623
0.28844664871255943 4.1999288235480945 0.806010845764246
0.3471012130510079 4.261052692416097 0.7361246712238972
0.4106961681762513 4.318670245707816 0.46999041073698417
0.42784149575050534 4.327379280577988 0.42934190203580025
0.44390961508129884 4.334735663227022 0.44771736458959155
0.520257690796294 4.371401283828692 0.2451334219760726
0.5496109847285515 4.378744434098156 0.22828803766866732
0.6048956103042438 4.391589168180303 0.2992333729335984
0.6728206444735723 4.4125438010262386 0.13191770929936594
0.6762280620587784 4.412995925462096 0.13956094550185283
0.7360224021256849 4.421395484498018 -0.04538022771983363
0.7970285786358082 4.418625108315885 -0.2553373655268142
0.8775628705775285 4.397602831903969 -0.4075053715717495
0.9482419125789864 4.367092913297369 -0.5753161565986978
0.9706402011813755 4.352567745942499 -0.5733044045213981
0.9767608976350752 4.348615976716186 -0.5548115831151763
0.9866610413550093 4.342480411158085 -0.5824127316994929
1.0634675289065751 4.291893945554897 -0.6382784026421293
1.0894056334921272 4.272651210494214 -0.6996310860781614
1.1588514844100894 4.214201558909708 -0.9579670480718092
1.191408519273933 4.167899113655311 -0.8519082265890953
1.2417579635138185 4.1103636373930375 -0.5995778917606165
1.3179031900326887 4.0583170566825855 -0.41179663576810943
1.404065731025549 4.020683938075611 -0.28193994551379803
1.486972777516079 3.9966694266028426 -0.5138041879289322
1.5199698794855414 3.9780470554021576 -0.5616310762844547
1.5566366003273988 3.9549754724668875 -0.4773829968956418
1.6293712052054308 3.9173506572183867 -0.2699907706030339
1.6805113759398342 3.903197707041571 -0.22408310527690523
1.7632287637165722 3.884345533665939 -0.16038619669540743
1.770614094222163 3.8831507663582805 -0.14309304895880923
1.8604179279134523 3.8702120316643325 -0.03573972713608228
1.9338428592355577 3.867586726766796 -0.10345393530501185
2.0208031782655294 3.8585581062860084 0.07928550241969515
2.065307440545224 3.8620940614172365 0.044679805128432566
2.1461123256179597 3.8657068122824847 0.138745746992132
2.185416935303298 3.8711954242886817 0.18365733464167056
2.2344273961755197 3.8802991419919506 0.197739486890184
2.3196958951824116 3.8973833430807696 0.27438850207642823
2.3837734557465815 3.9154204427727395 0.48806271045427796
2.419842433521456 3.9345695445242055 0.503703516815972
2.4808304620554 3.968181332625362 0.6993202568427049
2.5545548335653994 4.030192896368917 0.6979358642144756
2.576026990386051 4.048203010666456 0.707587809646569
2.5978003272759156 4.066826682920323 0.7193387984182639
2.656121284878466 4.117909936670906 0.6025482721073868
2.72971883375906 4.168536536772934 0.48725321723511483
2.790423537072891 4.200701837369072 0.4195225947347487
2.828702690538669 4.217774341939691 0.2947386673803257
2.8486973224789787 4.22384432789632 0.2833506160120976
2.8896282008760394 4.235762806513535 0.1802579977365949
2.986131438694337 4.253349178507872 0.08333319543003818
3.0605214452239045 4.259562725285829 -0.13089315199884166
3.139721561531498 4.249136359263807 -0.4012465440866952
3.1478561042391715 4.24568517081598 -0.4122335905699086
3.195207890738991 4.224978740539151 -0.4213842245991778
3.2595012089986275 4.19616029892106 -0.47832362170142473
3.299261891447151 4.175545102212042 -0.6180475943581136
3.3117538291490187 4.166663763916743 -0.6095698550396994
3.3396358356189126 4.147194350197423 -0.6795686583078142
3.393235167265167 4.103888865948926 -0.9089171034091093
3.4386667978361642 4.045577433393121 -1.1208474002994113
3.4662996309657306 3.9883656601589768 -1.208423179281595
3.4937633108150936 3.9159240393881967 -1.4324539293588536
3.501871485671103 3.85768894686619 -1.4917226902715566
3.509680972700892 3.7591326650683556 -1.399447215661673
3.5177606874609975 3.7124415289159547 -1.3935691442704665
3.5319825747737967 3.633036813926548 -1.3363769707240318
3.5498021003203717 3.5584187662548605 -1.3793317182150138
3.558435909068088 3.513877643588903 -1.3374040066691977
3.5686982504204603 3.4707085946902327 -1.363593299452979
3.5688502805050817 3.4699854000230688 -1.3644075201028212
3.5763730049275755 3.434055126122212 -1.4894020517609945
3.582736234669386 3.356049992013184 -1.6403193342912408
3.579397452839572 3.308103262736948 -1.5823223755142657
3.5790426451253246 3.277321508234429 -1.5802726635109274
3.5782177309808527 3.190274215979077 -1.6641017594769574
3.5734009401191944 3.138800208180632 -1.6651038006492327
3.5678653788609185 3.0802773744617085 -1.7347816025616243
3.5638899613302324 3.0562525410075496 -1.6813081092434963
3.559296472612777 3.014856288915694 -1.573334246708938
3.559136847603425 2.9519604245694797 -1.5797976755957706
3.5586122325524894 2.8936801719526795 -1.4962840517569846
3.5613769478718265 2.8566447065390164 -1.4197100543293757
3.5746805631446024 2.7692626221780587 -1.2267363603463073
3.595752861183135 2.7104526195298937 -1.1550983733002742
3.598307119037876 2.704666194212351 -1.1609206155088294
3.6186339270513272 2.6578823449353015 -1.069552886595588
3.650995311110739 2.598819900441866 -0.9871107296897179
3.653582157457264 2.5949030999835805 -0.9964244334018014
3.7053991990967923 2.514833991082482 -0.6965497786142489
3.705868931627995 2.514441103285623 -0.6945235223267135
3.734003693929967 2.4910057041187774 -0.7133271382320648
3.8022358435935932 2.4319623458740063 -0.7585919361097605
3.8319181115050447 2.4038302346681344 -0.6880064019509514
3.8496344051506983 2.3892676182786103 -0.6092856358674658
3.8611377518035352 2.381239937984782 -0.6046130873923644
3.882201076365431 2.3666866444285066 -0.6317681296659877
3.9495752330912848 2.3173804639356206 -0.43705000159674245
3.9664493908123095 2.3094971663187938 -0.4928952736685449
4.0282576760039195 2.2762991392219027 -0.3274861156659341
4.038900596962383 2.2726835425398946 -0.30313758404927243
4.083897055706429 2.258609666406359 -0.14174974222026196
4.177340736305246 2.245274615220576 0.14131514151191374
4.271076569574171 2.258609793870542 0.4098259250590103
4.325874110461149 2.282415175119463 0.546478086713508
4.406135000552542 2.331235453963894 0.6723083784868041
4.432523058465859 2.352240831917991 0.660510501129336
4.507233085240137 2.4102847874510314 0.8794089337189189
4.559067496407474 2.472911599651413 0.8821662229096396
4.6151898635577 2.541101071452554 0.8558407514687236
4.658878919381762 2.591423516298944 0.9850582059331576
4.700506335319766 2.654172044728326 0.7726370747577092
4.732268917417417 2.685134148102873 0.790088594305844
4.777620364555347 2.730913038929296 0.9048683069116504
4.779932300272482 2.733855752232198 0.9014698441990103
4.824860216929602 2.7906432566400405 1.1182427097045167
4.831986062167509 2.8052992036862037 1.170030212464972
4.847875673344625 2.8428015396261266 1.1821994260031174
4.872608287177187 2.903211081314539 1.3366547405019298
4.881825056311366 2.9418531797329086 1.3819297765685392
4.8917778070415565 2.9939223694960013 1.5554734388878284
4.893289958882035 3.0926004712547894 1.5484822701190817
4.895181069921061 3.177336168751932 1.6305153587951093
4.893742425599653 3.20139773880752 1.6873401555083645
4.885836903440332 3.2689233867784324 1.65222143176997
4.881751029990091 3.318991969587493 1.7859628752176164
4.881539501264708 3.319959844242549 1.7878140547573662
4.871666540251456 3.364737188718973 1.9016478556016574
4.851022536175375 3.4248402798168374 2.061498731245377
4.842429229589414 3.4409238578685475 2.0850280589798036
4.820131084157042 3.480394653090064 2.086244455685874
4.811688197051278 3.4952973703326826 2.069609007068813
4.781103578038464 3.5514404736759735 2.091544863211363
4.7718376698106075 3.567595662120254 2.100415673657184
4.7326914781076255 3.63446584343712 2.2520876282259015
4.6741451487786065 3.7066740049253806 2.485172240841966
4.635763442068927 3.736242698630008 2.6334970570518967
4.5762834391780745 3.7693647994091006 2.531365896958137
4.570597429057311 3.7733407786051614 2.5324896101856735
4.489514255079783 3.829903151249826 2.43957280994071
4.477525208005033 3.840042852932249 2.4287043324059234
4.402486874142494 3.9049182470565578 2.4422369574005107
4.373992299666566 3.9288875289962664 2.483889036397037
4.348276180920637 3.9487514786692066 2.445897267983555
4.279476238844797 4.006196430424987 2.314499824968845
4.265194361251357 4.021721833281684 2.2790695740166496
4.2299224046266515 4.062901861729178 2.3392268878021483
4.182007804501149 4.112470680498767 2.3191688001439235
4.117366194691337 4.182085500050801 2.2217772204564934
