0.5319723874330521 0.5 0.020607194804362267
0.5442690499504362 0.5002534355953107 0.02219992611736489
0.6423592212246815 0.5024313879538266 0.04422098922767556
0.6742243656851856 0.5038414153845427 0.10445617899659224
0.7289250824824055 0.5095761157205856 0.017723031210400045
0.8219683446792241 0.5112252970365248 0.07156231965986982
0.8434283677784006 0.5127636530250462 0.1450088069381587
0.8855341142432869 0.518912516140753 0.1317557396060482
0.9624692616288569 0.5291082295278429 0.3210768709071197
1.013996276253841 0.5462453398352293 0.1537426611567681
1.0794139182289986 0.556382820902533 0.19896447591715438
1.123428051094666 0.5652574867360142 0.13333070289031557
1.1321664948027705 0.5664295430677793 0.13860450849385153
1.154110462303414 0.5694907039177027 0.12737000531834722
1.2023701514699374 0.575670998200867 0.03959968702196742
1.2357360866638614 0.5769929698741023 0.01982114837955916
1.2516342187475933 0.5773081303833749 0.036380776382696975
1.3212712911058733 0.579842699458302 0.20031314740980993
1.3747395027311986 0.5906986750849558 0.13265096860483783
1.4189802560356768 0.5966019195956587 0.1466597503934069
1.4945805060279898 0.6077696174164219 0.3658494624002194
1.5743332911663708 0.6383225802932012 0.3868717203269056
1.645288986541431 0.6672301254701349 0.18005786686820352
1.678899131640103 0.6733481570814661 0.12233169499629573
1.681342391201314 0.6736485451019278 0.12384854528683291
1.7740693043765725 0.6851917170143456 0.2120592016412018
1.8299213135756767 0.6972164391876501 0.24478758608706472
1.8971442633551627 0.7140085297243671 0.3459458599023056
1.990223740866803 0.7475581823707166 0.1450133581258549
2.0224158535804735 0.7522594692894122 0.20419156553138423
2.0777752312392153 0.7637231549528599 0.02862132011061244
2.088094961036944 0.7640185999214615 -0.0006413621279668935
2.180204228877706 0.7639595245173335 0.13453298211951506
2.2590715619658566 0.7746342609944287 0.21349594621931933
2.354900378319095 0.7954099436487357 0.312256222300212
2.37180129577274 0.8008658478143852 0.29185103920584515
2.3790277267385562 0.8030368828623378 0.3048886041616292
2.4383863250635014 0.8217170808930805 0.19787872133947376
2.503008735678622 0.8346740381393583 0.2149735249657106
2.5435032290011415 0.8435159085366638 0.09760161744188263
2.6243732722208057 0.8514341146834908 0.10686506076775495
2.679110983684891 0.8573060332952405 -0.07258992279619064
2.775615910199343 0.8502884178315354 -0.39522344564430084
2.80555308028768 0.8377994046266007 -0.4889096726052549
2.8774695083662536 0.7995406968615565 -0.6189402287212942
2.897875906993349 0.7850050086303683 -0.6164794930119917
2.962214389845573 0.7394142759104423 -0.6162655654509486
2.9717796084278745 0.732639363378205 -0.6231627261473649
3.0522405176187566 0.6748125514351766 -0.5791344986256025
3.0925047985645073 0.6484824442164255 -0.4510202796981123
3.1509682190173374 0.6201677888328541 -0.33523350355244985
3.157927775109761 0.6177431982369804 -0.32700855649752386
3.228340545488167 0.5938601815012114 -0.25308223856871304
3.292361297168732 0.577302640679009 -0.31412899442370257
3.3682747014032857 0.5526394209829922 -0.2750585953768062
3.437869007004991 0.5329990814058252 -0.18107597275492943
3.5113282784198976 0.5195500589353194 -0.31007885202252167
3.5281287500163834 0.5141669450642877 -0.3121281143551002
3.5871591467769486 0.49511927702956776 -0.3192164160377623
3.6380815779370352 0.4782883953632869 -0.2542676000981825
3.7254008031199364 0.45559476150974826 -0.36635876042978854
3.7971176719538065 0.42807843103390975 -0.39783465758026193
3.870994523940167 0.3970321905558568 -0.2562772894858891
3.9615500421584944 0.3733030850692328 -0.3468901610696454
4.017812644887207 0.3529636890227173 -0.17943755845226278
4.049065521112081 0.3472947759704266 -0.19344165668654764
4.083080370582552 0.34063156736188616 -0.10507610749307791
4.130056536404858 0.3356772477487191 -0.083407602863775
4.205759298291621 0.32934837875357215 -0.32398589501806924
4.211617278516235 0.3273811582706747 -0.30828204781715424
4.271090213283292 0.3084429350691222 -0.21150647427191066
4.296129729559502 0.3030665036091793 -0.16770489859766485
4.309734374695221 0.3007633049457234 -0.13309055836233802
4.34416793582765 0.2961532715488306 -0.19526546057709748
4.397024151399618 0.285699071294681 -0.1391790137994627
4.423310581356407 0.2820167446001553 -0.08026114382460378
4.463843699019432 0.2787565065492768 -0.11738026742260158
4.516956777291927 0.27249328761898267 -0.046803690307883505
4.545273940848253 0.2711669712542643 -0.07741161986144571
4.590453232649284 0.2676625661756465 -0.03633785467972436
4.660334226404859 0.26512212251369677 0.017413154267003968
4.718322874986466 0.26613198986921366 0.027968536117442343
4.798995619571255 0.26838887694555674 -0.0059144816650633925
4.832418238212767 0.2681911971753796 -0.02552875889369608
4.921378892932899 0.2659196485792152 -0.10203146811836639
4.948910935934505 0.2631007249556211 -0.039788208286400624
5.044082541589018 0.25931201777315166 0.01901697389114773
5.136318449006539 0.26106627709464625 0.20228987440150514
5.17274453087172 0.2685370885523966 0.25449421522717103
5.199029962143665 0.2753748410490116 0.23502969496356307
5.219649223509311 0.28031222836437764 0.20040875826804075
5.314094435796348 0.29949741563750926 0.46117231206211784
5.32415782673489 0.30449801218182265 0.4677589558272978
5.398306809899739 0.3419543561127535 0.7343057517709607
5.4564775569369175 0.3944651885301602 0.8379190179528679
5.490497313634715 0.4322601895746701 0.9426884928259855
5.501727947369735 0.4477246817514043 0.9225769407533619
5.562036033193685 0.5273499811008575 1.1418074951069501
5.5872907556725435 0.5825639016888036 1.1342685147271159
5.603812660037503 0.6179771629441505 1.1704650588312682
5.625080337864127 0.668233529070491 1.2627825672086794
5.632738788696424 0.6923061970589651 1.1903023183123316
5.664365300937578 0.7713753137800541 1.0218778359525715
5.691445537003302 0.8156516910538936 0.9124264609358721
5.717086701778045 0.8488013888983206 0.8562470937477038
5.7432075720555105 0.8789129459144251 0.8885719351961773
5.767177811693295 0.9084203355646918 0.9861222932711315
5.810724805100299 0.974214276248655 0.9502459179243196
5.831099561836569 1.002720794878783 1.0418862842440295
5.860351478288506 1.0527708006318013 1.175165937657669
5.868799558708872 1.0729983601198119 1.128655905894025
5.899551796744133 1.1379590048807575 1.060989632497882
5.906599558403817 1.1505644407488311 1.0687629632649505
5.92139663327339 1.1775198871649126 1.0396507690368935
5.943865232864004 1.215767119631451 0.9788762972009334
5.997806805715875 1.2959967229873866 1.0853743125552289
6.034669733838066 1.3658761375965287 1.3307552362299653
6.040349036925371 1.3890796724164374 1.3289096724216998
6.052021317169843 1.436390022229821 1.4449060598488268
6.0600346309022095 1.4997065637398845 1.4391248133239407
6.067864915010828 1.5588308138531384 1.2931568147452812
6.093152008740605 1.6475573390466731 1.2443334200061325
6.10524563085071 1.6832762515006336 1.208262194824607
6.127084179841634 1.740852362514642 1.1410727190137644
6.154136769208683 1.7998822205923763 1.3535767497478797
6.174314477823708 1.8913074446537383 1.0632819753786333
6.216073332968976 1.9663998101292812 0.953252225035526
6.221445768863979 1.973964406185315 0.9700900601302253
6.273487627396779 2.049918613325032 0.9785739226504662
6.275696203233087 2.0532013782312415 0.9791262819433589
6.306010439879415 2.0983133874372735 1.0278102188263873
6.310136588794419 2.1051504651753135 1.0351134348950561
6.3375429303765625 2.151322012175893 1.0859613001614188
6.380011350077501 2.2319421446485963 1.0295532672052337
6.391275098333247 2.25068006239079 1.0485344453253655
6.435840888256273 2.3281091470558364 0.819007994872181
6.495831691956127 2.392274386400441 0.5753723486013568
6.541838817999323 2.422113427968143 0.548753033883473
6.617683009204755 2.4684838705928946 0.8176079925641253
6.632224993262541 2.483994168405445 0.7977888895209603
6.6803898351274045 2.5333676426866734 0.9859113922539312
6.7268784167882565 2.603573771931316 1.088173823005929
6.73856132609391 2.6258715831436423 1.153451496128397
6.739252733040268 2.6274309426392657 1.1538879380390827
6.7595179477904646 2.6731898297161556 1.116716485801983
6.760169773321373 2.6745252726804805 1.1116512534711436
6.804130472948969 2.7634453448979155 1.347247653182465
6.806470593778946 2.7737384437555788 1.350893156020365
6.819495118869941 2.83200909539784 1.4083069486975903
6.827102829247247 2.878416050538609 1.4033840549657812
6.830463712797133 2.8983036390803316 1.3927805774393374
6.840270643770649 2.9528107200319558 1.4929886361874798
6.847509361671977 3.045656351671424 1.6661406954436568
6.840635661583239 3.117531166972325 1.7252363798268215
6.825321124540589 3.2159032103074088 1.929063797954976
6.817621693621037 3.236466493577928 1.951343662744793
6.813467207616735 3.246851475033846 1.9836712887374905
6.811754520178121 3.2507612423630885 1.9839538224282287
6.784939411855554 3.3119284399952247 2.1603320243016686
6.756465920309212 3.354497131959203 2.1962512033878556
6.727815247340786 3.3941698156712024 2.1335334261250813
6.674999817019167 3.4779016183533367 2.397276002169154
6.6393496739621805 3.5107367009632675 2.386692762252788
6.59725516852478 3.5503388274871734 2.3125470273647752
6.576515665805196 3.5729726697937263 2.3659583601615846
6.560105686416932 3.5890652879607186 2.3711773491516883
6.488477584556946 3.6585785307066425 2.564916282544122
6.476162391369979 3.666588682974003 2.5247398615868826
6.473039171496438 3.668803571843146 2.5279923923652063
6.412022974641731 3.7117767513958393 2.5168585289071332
6.37006634408161 3.742030848819151 2.6324989943759123
6.289230452544889 3.787150969864805 2.738245082245915
6.203802748279217 3.8236067975599575 3.036527576143469
6.129644236924498 3.831427063610346 3.0655778004291996
6.045742691611929 3.837817139837177 3.063849839218587
5.9698708981515205 3.843727538768502 3.061522712631461
5.95681420316124 3.8447752275021174 3.041055986211084
5.945369558214738 3.8459297263337016 3.038238175304709
5.92098560046959 3.848458929760171 3.0519977725831287
5.846027295965147 3.8551928380211864 3.008771085192241
5.772399296401684 3.8650301410383174 3.086082555472649
5.700979738795369 3.868998724752377 3.1471799928602375
5.634986506213706 3.868629994335329 3.146947493150305
5.58889828669495 3.8683831969552576 3.112020243642727
5.5507247718265385 3.86951240898089 3.2009858186984617
5.47948199017109 3.865276092245092 3.3872163327084466
5.466303714973157 3.861972490527125 3.374881018261766
5.437458479401068 3.8551184387992925 3.343765748866894
5.354973360673537 3.8382111813513817 3.3817716513239477
5.2814695974525705 3.8202096372367516 3.624860976393884
5.266134509994325 3.8121622112753304 3.6440208360612165
5.179488271972006 3.76455360842889 3.8771423819046356
5.1758602210245455 3.7612703605558746 3.8708019677880947
5.155802974739251 3.7433493191560903 3.8929778304055738
5.128345069063141 3.7176984968475413 3.9039908015627227
5.09885714321057 3.689536748254261 3.77190085481035
5.048025583824761 3.6524507094924257 3.9707210430506796
5.012460173823215 3.6136303163695795 3.9628490408375607
4.975146027956198 3.5735393711704218 3.9400587144882824
4.970393507805643 3.5686609882004348 3.950630589031128
4.905294623353911 3.500409135361675 4.03569848226362
4.86606602932027 3.451568892383823 4.062698753072448
4.836229654951072 3.4122958148863565 3.936643292809787
4.82891040856431 3.404833889161977 3.9416471414366074
4.78736188921084 3.3620492674213662 3.7781441566591654
4.7283617923636285 3.318436550846111 3.737731932214445
4.677625875619404 3.284013042849432 3.61622645556551
4.591247334378871 3.2396309578410727 3.8974792784589916
4.544943031435467 3.1959820825263328 3.7529599293399003
4.464597197147359 3.1396631892555362 3.610561793385115
4.38392051838552 3.0987867587730404 3.4272694683531784
4.358980640472767 3.0914616508269868 3.391133129518654
4.345204054320281 3.0879506534899113 3.4289361697382765
4.276085940786053 3.0675247284681717 3.656061876621327
4.259080484602129 3.0579125470143196 3.6647824581561004
4.219408377116893 3.0350294729631577 3.5417625300924764
4.181399930893874 3.0189521481874984 3.5073250857114906
4.140883426958455 3.0034358800374936 3.3860342603687914
4.114302067374345 2.996805706025084 3.401679909004237
4.028334859524784 2.9739285447301245 3.0954928600022296
3.996499788636774 2.975397175447916 3.1794314510449815
3.924730009452475 2.972680196485686 3.276591335529782
3.8421949890281217 2.961469893367594 3.4310043628586286
3.795676410975722 2.9476179530717364 3.4174389327286825
3.7214213678145764 2.9265991361464105 3.401404598712644
3.6596080506661286 2.910167908514522 3.1812881220146254
3.6026747102196133 2.90790672510005 2.992904310056334
3.5146560325951977 2.9210913831071705 2.8844859865745813
3.419742205732858 2.946046679719515 2.549899683428329
3.3755663421963216 2.975733317999965 2.6104539207224566
3.324980854995701 3.0054496457535755 2.7917250274217533
3.2692474485603715 3.025785566935611 2.858592653416546
3.1812318712830794 3.0513809547145376 2.969950882205648
3.1568506105488 3.055607384043536 3.0473663219392018
3.129531065397298 3.0581892502125294 3.095644222533236
3.0351413146337385 3.0625293659664186 3.3292577297524604
2.970867650617912 3.050323820663357 3.399809322656076
2.919865874031023 3.0368535929099023 3.462646209394157
2.844642393459769 3.0118373421528344 3.730590372867934
2.83925622792066 3.0082388179674666 3.7213346864158106
2.783508995508508 2.9717355406319093 3.759719009866701
2.772428196467827 2.9638561594499433 3.793494976880534
2.706821103704838 2.913784140901988 3.8892119699038017
2.6828543058507135 2.89156309707239 3.9055432778155588
2.68029863777684 2.88911476886397 3.9138118239685857
2.6204345587135762 2.8308081507643177 4.032559753957985
2.598753870996155 2.8039881954861 3.953519998321285
2.576973992936924 2.7810209338720484 3.9982313814507027
2.573642700122383 2.7771776540082866 3.9988137077492794
2.527427312329027 2.723796639059134 3.9273751615885826
2.464437559477443 2.660758448045322 3.822847346189607
2.389337609476253 2.599872015090373 3.5169605855425647
2.348341315790013 2.5837173608908954 3.5715070445949637
2.2802441254980184 2.552493613424141 3.537521342592443
2.274721031052772 2.5501849468876654 3.531530105596262
2.2719567885012 2.549048893506677 3.5338942690093553
2.2051413157898456 2.5214041267539336 3.690511933260358
2.1289041111239513 2.474775985853326 3.5482657596528315
2.089893930184578 2.457975020946361 3.609769921015519
2.0188298491517322 2.422039694280801 3.7010895058996103
1.9425942955688569 2.3742972674178504 3.8037058759844067
1.8831846689584089 2.3279876667263233 3.7338977008237153
1.8595459652400983 2.3120812013658334 3.7346718447793097
1.8488954710545902 2.3049025075562826 3.708845986269469
1.7945688761424792 2.270291020777354 3.865401943152518
1.7783336957431992 2.255941879605237 3.8750559645003677
1.76077214522054 2.2401158678659883 3.8868997303425212
1.7008773315821388 2.1848408147077722 3.804980639498738
1.6673544104933316 2.1586410445480833 3.7341331665176942
1.647524620945443 2.1452908100637065 3.6689031768732687
1.6260415900780523 2.1327810281359825 3.6569225849091693
1.5648416009357542 2.098118744831218 3.6699970615943927
1.5444419591162453 2.0862099305463517 3.638363139754004
1.494277616049069 2.059015011959744 3.586264111938611
1.4626733557842855 2.0439555831756966 3.681910417360434
1.419159727244022 2.0178534263010754 3.7300330833378887
1.3468750619891645 1.9696179221628987 3.5158797415978813
1.3204061317830134 1.9592208354608578 3.446111887550753
1.230717987687842 1.9310323100854168 3.2794669028797148
1.1436497204904943 1.918951189671423 3.024930606386325
1.0701407142403974 1.9275660190403467 3.01804404142496
1.0048168478560136 1.9356780086411411 2.8662444768431703
0.9652431163720994 1.9468585591903178 2.7337814136179976
0.9295124162796147 1.962295345269033 2.6913855945396223
0.8823021756207586 1.985112548673779 2.6397886472353593
0.8099571584983603 2.024804440385742 2.8313870762488627
0.7198018890410729 2.0537040899034142 2.9817620060166923
0.6891995785750745 2.058637356861869 3.0068058672888145
0.6067646902150217 2.069816270231391 2.726222615069854
0.5637583179900518 2.088783399137187 2.636433406488872
0.48684073848293125 2.1313203966517076 2.393238260325749
0.42702507976909987 2.1868608734912205 2.175640740350637
0.38480498378997974 2.2479367978166342 2.169931017081218
0.3472899597675497 2.3028743045657833 2.118500378060832
0.3299766459787995 2.33125908223578 2.087322363113115
0.2850177805762172 2.410417847254158 1.7726414433652642
0.27678079036627423 2.4506706065191737 1.714076191193933
0.2719458367659707 2.484184195257689 1.712886379995248
0.2653945985097155 2.529979729354359 1.7194153069710107
0.26526628805223484 2.530836715274058 1.7201408115195524
0.25982109622487715 2.5670258570196745 1.7774514148465985
0.2539990940143309 2.5947962185624514 1.7465876123908217
0.25083801423720453 2.612592610740754 1.7104518146279801
0.24674281767166822 2.641725287010599 1.6463876811057616
0.24492501423561183 2.66572723526662 1.5944432210280375
0.24462857734302956 2.6782608743218743 1.5755722522941267
0.244238106668191 2.7600183695106097 1.513529102453919
0.24862841118778356 2.8365980210418615 1.7176779084174738
0.23584792424378279 2.9229835620353706 1.6091019213008204
0.23351350762617512 2.983895675745629 1.5202191208072555
0.23846980154082859 3.08180671969565 1.8301785863037707
0.21539513034380753 3.1687627580425444 1.5827399235516058
0.21491983500647316 3.2085558577750715 1.51107208088073
0.2185120202443062 3.2686305071233033 1.369324205213409
0.22278266190865564 3.2895401070783232 1.3243941709918563
0.24003262942589443 3.3581249018522623 1.2016185142809361
0.26993331024828626 3.4354040997915405 1.3019044073053876
0.2785166725931348 3.466552269201383 1.2601462334508995
0.27866821114622603 3.4670242865539307 1.259146700603878
0.28975205477756705 3.5014304153343088 1.2477791938650618
0.3193454517812611 3.5898372013721946 1.3433653878070986
0.34094586422634987 3.683169691815628 1.161707668306518
0.3484439423795856 3.7004643761649096 1.1759527754209569
0.3661492894241237 3.7429509344114984 1.206956517624963
0.39798996313372276 3.826567675443021 0.9939638533110132
0.4286610508194011 3.873706778987279 0.9481859141096322
0.46717252553484223 3.927354598324611 1.0719592741734338
0.4700896901105721 3.932709223494946 1.0901926400117845
0.49131381335719637 3.973416938916444 1.1024792682564142
0.5263729152177584 4.04272417673735 1.2504428167333979
0.529811937394692 4.053089490173242 1.221259536840013
0.5500500535216483 4.108611886114219 1.2510849859961934
0.5714537463696763 4.173262118869766 1.1743076645021606
0.5839907845187242 4.203207726666305 1.1287047881322003
0.5988324913026085 4.234563126496613 1.041227169531919
0.646706156736928 4.316351139670712 0.963971963676053
0.6814971432670173 4.366467626733673 0.835179425984509
0.729147816544929 4.419115412526759 0.8919106544072513
0.7352754302704821 4.426710184158668 0.8751113000758917
0.7736777357714304 4.472704339342009 0.8106357835203986
0.7886677949163174 4.4884707842970855 0.7763479638669873
0.8098618751639259 4.5092846736578265 0.789357363066313
0.8114004901060486 4.510835520459776 0.7900501281105925
0.8597572870652996 4.559644331660167 0.6640100821275272
0.9187223540209104 4.60578747535137 0.4989585191649325
0.9653901334641366 4.631219126153059 0.428560624559391
0.9934051722758979 4.644018638419024 0.4214850780615213
0.9944636032959249 4.6444931912298735 0.4208650323877147
1.0107114010601037 4.651765875960487 0.4111594858301191
1.0896966921834335 4.686204285754397 0.3323016606457701
1.1095987652715045 4.693072463317719 0.32647367127165366
1.1481914317023765 4.706139537082679 0.28184024667348745
1.2174206440231778 4.726184702854943 0.09247893596341497
1.279771887513 4.731967374065304 0.2786081404048103
1.3048974299299088 4.739154484687164 0.359559707534927
1.3607255386478692 4.7601402853920485 0.24229089387717123
1.387056526399694 4.766647887796452 0.2266420101238883
1.4479605143675807 4.780692593869874 0.2695971354126923
1.5344622620393078 4.804595142772687 0.24984400403454737
1.5808445674375249 4.816430782850277 0.13011593150712164
1.6393780512361338 4.8240901955010465 -0.056469483000206766
1.6999078909920549 4.820668468900392 -0.16265095169904098
1.7921807986097957 4.80552642731514 -0.15478612469137443
1.8637755019453872 4.79435520163069 -0.14922220473874215
1.9187488485890847 4.786090522447321 -0.17653346324506466
1.9382636175171581 4.782609274065293 -0.15323144862122798
2.021820677759308 4.769704545751724 -0.14233843297823212
2.040556398833639 4.767019575328755 -0.18190559567871406
2.1283926712628816 4.750863067135192 -0.11804233450242495
2.2269136924491564 4.739179097200981 -0.02635532977216047
2.291117514567892 4.7374865924050615 -0.08343827623570338
2.2994530033163816 4.736789475076569 -0.08236967614219784
2.3562737651496684 4.732098553593471 -0.2517775339856466
2.386019779026795 4.724446801682399 -0.24154842390220793
2.4060669436882782 4.71950801268086 -0.22607734238002938
2.4228531940620166 4.715647016832578 -0.2044078660105586
2.4645691939748664 4.706999158206737 -0.24330509762936736
2.5078873925915377 4.69624660324332 -0.25435974119888866
2.5993189999743556 4.672475197198821 -0.2764952876233726
2.6777002847544935 4.650233439914783 -0.1083006160031412
2.752031095391572 4.642151745807337 0.0989501125616419
2.8204683354362294 4.648945806733211 0.1282748629516069
2.913114806472027 4.6608956346964945 0.24520668187906552
2.9709043357808524 4.675357018486978 0.4115379601950814
3.01061685380709 4.692689980504005 0.39107658873364165
3.011960537098854 4.693243999894569 0.3869595994965069
3.103210758125845 4.730428940858317 0.3456113191258232
3.1565179543441735 4.749622887905786 0.5046499620778226
3.2341593994435445 4.792508577752866 0.4150691784115568
3.247377073963808 4.798333227989852 0.37829326624280335
3.3118775468422306 4.823967977156694 0.31400160641498376
3.3328884362266042 4.8307911668702825 0.3226575465146627
3.343257576302505 4.834257999756803 0.30079550484374645
3.419888523219259 4.858029539448083 0.14953337723358648
3.4349678963309214 4.860301367195765 0.1752258629686907
3.4957694902793373 4.871065775641225 0.2903063539390995
3.54620538635253 4.886133320641462 0.2197173675380214
3.6092919727678496 4.900221985850174 0.2351739329210378
3.6937518805891134 4.920459222907038 0.5134849572529394
3.7642569274159263 4.960220051150518 0.49567269950660664
3.7727136290984755 4.964792563861515 0.4861602625058948
3.841884345821972 5.00134693925188 0.6539583284801715
3.904920645865148 5.0496623199771795 0.790957989979981
3.932388857137683 5.077437679085657 0.8843127099130175
3.9760222665589993 5.130685419833131 0.8338206658410352
4.038454425759262 5.199476718177398 0.9899731269373284
4.045745744719176 5.210585680481869 0.9918894879093565
4.0483268273172195 5.214534661941183 0.9939526179300999
4.064608754497785 5.239558117101591 1.006308060146829
4.111897913315866 5.314238612620899 1.3086253293401824
4.121033528871018 5.34828258471454 1.285977236057887
4.1406343517747475 5.415230047256486 1.3819672876398434
4.156173792840728 5.496543319116407 1.4432124586348993
4.1637310569195805 5.555455270949199 1.4115349426057222
4.169025234764587 5.588415810371084 1.474183332161727
4.174853156938283 5.648550351861047 1.3588899086507797
4.18561345885679 5.698566563735159 1.4139029228690614
4.1927567266019015 5.743721805189683 1.3444545765025109
4.211051422807898 5.823164541311571 1.541020618195156
4.211093636788153 5.824581854482762 1.5436737277958563
4.213131284923234 5.899690750031332 1.6958486455080914
4.203588560897997 5.975602407525154 1.91284658273417
4.176958608343337 6.050396115245424 1.6743354884908814
4.168089010720103 6.1357539616471595 1.8750634900454086
4.145938296749296 6.206293606231558 1.8191740241734367
4.135358535367439 6.248009513277345 1.8027223939589252
4.1219941104527615 6.304596246117295 1.877297209043577
4.10225560943633 6.366966371258691 2.036237253731445
4.073053900617078 6.425108884645158 1.8502923487154723
4.051610292534498 6.4998230102034285 1.6920562550824243
4.0395476895776445 6.598812201200047 1.9877826268334238
4.017987771269149 6.6474842886274255 2.123465624611928
4.013596929660417 6.654603218673967 2.1239645045544306
3.9697080065265506 6.725681528613836 2.243081459448264
3.9155838588622345 6.793678366587679 2.2769487635110277
3.8636535140047346 6.854567972675724 2.3243214767971923
3.797576747258839 6.924997066469992 2.0434713899604806
3.7738817981926935 6.971336378957348 2.1143150490134373
3.751663245658693 7.008108497199851 2.096529552863703
3.7094026044904496 7.080946590341949 1.8566110898768642
3.6833285704035763 7.169675878516831 1.723692121591432
3.672867966355297 7.23755847657322 1.5276420297723239
3.6770533670096968 7.334485143728738 1.2299586938990674
3.6816694790316893 7.347500022450186 1.2094372144596157
3.7075330124158636 7.415930157505626 1.191599293643618
3.7314164152191776 7.475866128236449 1.0459665592333471
3.780063813938347 7.559886865768763 0.7319341537414217
3.8453469807834413 7.618537703317618 0.546605856924306
3.8671908978814526 7.631828523242961 0.525607354164939
3.927658468972003 7.666901618407849 0.41106906024841905
4.014289536162242 7.704664343703584 0.20472467821188584
4.045184280180711 7.711079130912676 0.2530911529625056
4.1418987059811805 7.736093081840169 0.2542667797548977
4.163767925206891 7.74177671428642 0.2213349024126858
4.197000493099408 7.749254756428008 0.3167465750820573
4.234900063076099 7.7616775748247235 0.45003466242021384
4.279907581328889 7.783420608639339 0.4810776183961322
4.353109984160207 7.821630894396695 0.5738163435576016
4.380437555271919 7.839294508148343 0.5999770787416625
4.4316663746091525 7.874340305312992 0.5170278957719956
4.463141043891711 7.892237497309114 0.5354801897630002
4.522082363941609 7.9272075199670065 0.5920162219429902
4.600472112802857 7.9799230348328924 0.4851009538370893
4.610141265785991 7.985019758097112 0.49500775952456844
4.69774650688016 8.032312388362358 0.3899089890434527
4.7769508487879335 8.064861296271049 0.3416574099054708
4.777128116820269 8.064924333275256 0.3420693748114423
4.869576346287599 8.097842087955549 0.38986051115441095
4.931879991041496 8.12344214885456 0.3803567619725512
4.950705623731093 8.13096913487028 0.3890189274579532
5.013381496739954 8.156660510249464 0.2940981392508729
5.09752715162661 8.182146660277759 0.18048143256060217
5.172810595701722 8.19588340046641 0.15860297635364956
5.179214614006695 8.19690769998676 0.14310144954410212
5.265023701957843 8.209271616496178 -0.04223046863612165
5.270787959527313 8.209028044383947 -0.05293726141439031
5.350194140482045 8.20482056761107 -0.2830601521211292
5.381574697171579 8.195692891198908 -0.2616008663811213
5.462939381604611 8.173908601131403 -0.06340897386910319
5.514419464064313 8.170639919959983 0.06580297018620426
5.544898651174314 8.172648440823666 0.07207835439832333
5.561835944312471 8.173871371601248 0.0200247497664756
5.621869911021848 8.175073697473513 0.05026986408803248
5.6889525693582526 8.178448777078522 0.07923065372553167
5.719996020306022 8.180913529642567 0.06527175618896307
5.735019420271955 8.181895528308273 0.10606890796055367
5.81161639352227 8.190050692108787 0.1596911024315863
5.876800615731278 8.200549428129841 0.0975480340471932
5.901115922803498 8.202928890677148 0.14407023020844234
5.978609244490443 8.214171262306039 0.24353499404587692
6.029088464806853 8.226713665271925 0.08812505924782016
6.062893313334061 8.229700455387215 0.07516224129869503
6.143043310039133 8.235736078870953 0.033948481160286315
6.161067880215773 8.236348220834497 0.016579822329929942
6.185839145733768 8.236758961652614 0.07220732167347516
6.222562340949317 8.23941526338939 0.11435851743547684
6.308511853826235 8.24928739531157 0.06073245792728215
6.383300264769672 8.253835071972524 -0.05608611034464075
6.472351021276389 8.24883531782191 0.089157284983192
6.495152591050327 8.250873647649794 0.02150752741560162
6.570787449284259 8.25250061730905 -0.0014653594520182625
6.635411695401335 8.252405919491391 0.20117377708185993
6.640035603278115 8.253348883826506 0.20391950934662134
6.722215879569072 8.270343261069728 0.2785235649357629
6.814555868612745 8.296748479778069 0.15165305966987447
6.8357060460805394 8.299980786544687 0.12547940389789208
6.9346840609614535 8.312466085081235 0.4371332680784614
7.009888515086603 8.347607858525647 0.40433613258231704
7.08545003249036 8.37994168005336 0.4923633466604748
7.112250117011205 8.394317988009597 0.486991628818898
7.186993068717688 8.4338966280282 0.49422669443978556
7.250365415751316 8.46804352747736 0.5007551931068619
7.305597272397649 8.498271009776882 0.5506752074541532
7.322568456074832 8.508691904008193 0.5863445222646871
7.354319463889267 8.529783282583074 0.48557300364696193
7.354715926581545 8.529992501899018 0.4845546985719124
7.441649981422428 8.575755790558237 0.751179801840713
7.487469454903855 8.618542134232975 0.9512049842539514
7.495592645394288 8.629930440340987 0.9449788837243975
7.55201431377787 8.707998065056175 1.093155771385304
7.573729285149291 8.749949992748821 1.0211079311232065
7.602017457965974 8.79612145529777 1.0657020301596134
7.634278419450835 8.854466327449812 1.05142332589938
7.666918267493588 8.91155598843509 0.9565465385055248
7.699805061576311 8.958186494556776 1.1127948968900065
7.7103569675997585 8.979591601895795 1.118167394005796
7.752854063816385 9.066979961033915 1.1664223148037065
7.761319010038739 9.086759781946702 1.1853184790447975
7.77302910275988 9.115618122945538 1.1672373147229584
7.804027827698622 9.188215559575434 1.1178076482322972
7.8051293568250975 9.190478604499333 1.1180455444735369
7.834955905195091 9.251793047439755 0.9204586551394662
7.839045259433167 9.257168561378947 0.9202436590323251
7.8593277553522345 9.283818296625128 0.8833316712924121
7.885553205151239 9.315758382724345 0.850523332347747
7.918316956547171 9.353093820784498 0.8061952353415157
7.926907123598531 9.362048930842528 0.827267988494827
7.9897109157865005 9.430345063852382 0.5626168485278431
7.994843615211115 9.433581749119242 0.5711071698558607
8.032348670086 9.45767993585912 0.5461854673474172
8.059647839168498 9.474274255178734 0.5444643722768147
8.07968855498556 9.48640919797632 0.47886811612698527
8.167304153958266 9.531896853627341 0.4089305000393875
8.201203523558085 9.546587493312414 0.3947842402020004
8.283818114353544 9.581009572460871 0.09148674625212883
8.310383231293816 9.583446731903095 0.01897081816197918
8.36727618152194 9.584526167213035 -0.002441492450733572
8.449447203886349 9.584325546883639 0.17894326338894648
8.505410514127062 9.594448079089302 0.2898891678650446
8.59254856433921 9.620440670101313 0.41791771883352047
8.638548916052695 9.640868382946294 0.5337539830869148
8.658497996697111 9.652657708554083 0.5275039432110014
8.720418125546402 9.688730453136056 0.313716037517342
8.774682660995412 9.706335482594573 0.34370647293092865
8.828992126928528 9.725773526659365 0.18015850820798504
8.926635081024788 9.743557559196823 0.38447376133804256
8.98061208263804 9.765397167098648 0.19448146146090525
9.073864716887169 9.783765240523076 0.06472451021898329
9.096996475194109 9.785264526468941 0.13076327192040266
9.11927198073257 9.788194060924228 0.16106925340313916
