0.5333319723606109 0.5 -0.04247363733079985
0.5882212536603665 0.49766724963576414 -0.19103254472535364
0.6327598496250663 0.48905389555578804 -0.04184658483652093
0.6411882712097526 0.48870098887691277 -0.05161052877421016
0.6428455837154905 0.48861537807633787 -0.04802266923418878
0.7197504823979132 0.48491935790222546 -0.21450410552995353
0.7550391056293295 0.4772315292409958 -0.20018643244370574
0.7758013365121561 0.4730187867211954 -0.17967459318844353
0.8262599230035262 0.46385382376492634 -0.2907499138330444
0.9006064318314799 0.44160714295860215 -0.13110475696269466
0.9609886113482254 0.43364508110828925 0.00930315988039268
1.0259276960555677 0.43424923722556763 0.005428215052327337
1.050397441311524 0.43438206556971387 -0.012265732593269695
1.140849220563246 0.43327255259086 0.03173529663527176
1.161905049315125 0.4339409899781747 0.030805465300912705
1.2336115557972869 0.43615064128888237 0.08555699177099295
1.2912142183149702 0.4410910122017142 0.14114026373552135
1.364433437262812 0.45149436423832867 0.17508211034911014
1.454816402284847 0.4674825047855875 -0.0062115975176968985
1.4618928294505509 0.46743854830283127 0.001175031809680426
1.5073760593980077 0.46749199256942336 -0.06959560140370591
1.5689870468943352 0.46319720259474306 -0.11185871840236838
1.6352688136469096 0.4557519305050746 -0.3283280857629405
1.69991528115652 0.43372960282182493 -0.44797699249835565
1.7634333272672058 0.4032052157540325 -0.28983866156284666
1.8237971203016123 0.3852024938160516 -0.2259349217622018
1.8896406810209412 0.37006772733804794 -0.1390633213705538
1.9007395833158973 0.3685142501586286 -0.12107488949853762
1.9812063855519066 0.3587238545950788 -0.006206021935451986
2.0465831249007316 0.35831811990768053 0.0009024322332793827
2.095037613355833 0.3583618468117796 0.07885019988919746
2.1655514639627285 0.3639334296503009 0.0792523035599515
2.238520994574923 0.3697285710790804 0.26207261335885257
2.3226644315735463 0.39229937963123906 0.38344771885864826
2.403301174132443 0.42482953058273604 0.14955326871714666
2.4360325254859885 0.42976143540074385 0.046358459077657316
2.4651709219743854 0.4311132150736406 -0.005661808109732436
2.5199127861429 0.4308032738313095 -0.1238154826767347
2.565564074456147 0.42512187535424706 -0.1532896200409877
2.575752960061407 0.42354767556388917 -0.1436576158999327
2.6555071118399036 0.41201091149176317 -0.1905768321764384
2.7032942417298114 0.4027919105552035 -0.1496402365483907
2.7329197478589786 0.39832535426083804 -0.08319772281572718
2.769776062794587 0.39525189816692935 -0.08816532613237058
2.8545973465558627 0.38775416500814036 -0.15189065329831752
2.884947238227194 0.38310851885270153 -0.09194310234762841
2.896293487079021 0.38206235995727716 -0.06677253390334598
2.9475537162765058 0.3786344885807531 0.03817199821793764
3.0119566137397746 0.38109407060418854 -0.12610192039372625
3.1089803922569397 0.3687939188363009 -0.06625399521914196
3.1565454307053282 0.36563792581396487 -0.016909531592658206
3.1901896355770982 0.3650689638395479 -0.09632629841444895
3.2759170494156895 0.3567855235231628 -0.20982411709021376
3.2936183826005023 0.35301587277843566 -0.19257453212921288
3.3301412863721107 0.3458942380926487 -0.19521467837150788
3.366043230607024 0.3387952436730184 -0.07667914620387968
3.401008762431668 0.3361088494247477 -0.050093800504166924
3.4069441480436216 0.33581127444989517 -0.04183954817172107
3.4916316483530943 0.3322659186881159 -0.03312938178556135
3.5619218409847 0.3299363957376941 -0.23363723231390465
3.6022372471953856 0.3203420028827844 -0.3455387059135185
3.6277364293730363 0.3111627833517309 -0.4309388791990359
3.7182362544274157 0.26955477654573834 -0.3052047652775475
3.726551492695305 0.2669350748541822 -0.30824649378556757
3.790082136752115 0.24670722555996988 -0.4391097921177911
3.873666841845547 0.20744803504476833 -0.19173299024303056
3.903687217007828 0.20162055406710827 -0.24136414715367477
3.9606657199892594 0.18759455328396538 -0.4308774731869702
3.9682754788218793 0.18409647281395422 -0.4535213446355649
4.043834172650431 0.14726874936737627 -0.20664222083616246
4.124920498691585 0.1302702482506568 0.060913533146174204
4.211951988294395 0.13557821039297324 0.14399774476399585
4.249646414188394 0.14104395306797016 0.10682081666350363
4.31892800445768 0.14847294728109572 0.25944942440476737
4.37938666419461 0.1645206156675972 0.3513258385368241
4.470593592639677 0.19795084840804444 0.6103338376170189
4.484585620242741 0.207737094866685 0.6466737292455045
4.5484066026995915 0.2559199619898352 0.6034605160483073
4.570253607098273 0.27097755254415784 0.6102942780787565
4.627388189570067 0.31093502169032344 0.6155424903767086
4.656867682949663 0.33178294764757604 0.5586468234034762
4.6904820506285985 0.3527941482761675 0.43562634335584477
4.767621808037554 0.38869872981203035 0.5205728904497645
4.818335600550519 0.4177741022881278 0.44943703788773004
4.840246852339866 0.42834323406511154 0.44877188361916975
4.924357929561235 0.4688461894448528 0.5118235194724101
4.9986781024481655 0.510595935180961 0.7229979180488473
5.047833449927573 0.5539699236463657 0.8386335277725315
5.08358647511874 0.5937476591375648 0.8368267401999192
5.117172196655758 0.6309785948797113 0.7084775269066178
5.174906748161046 0.6804504581141654 0.88543128367478
5.223499627157187 0.7398859413736633 1.1426473642310397
5.24254512568071 0.7816173760261079 1.0842427717110128
5.275438059764692 0.843800446184535 1.1085321957302698
5.278464728300442 0.8498747780066749 1.1083785254851986
5.320630843884561 0.9344669296766616 0.8807045959270412
5.377920247285648 1.003867383091627 0.7355204512326035
5.417026706460588 1.0392551561179926 0.7909172070365235
5.430060549584738 1.0524336678412929 0.7560220721879733
5.477705164883531 1.09735818147872 0.7389745132877609
5.515654966081809 1.1319384510786876 0.5760102246278243
5.533046734790545 1.1432340729569381 0.5631496985658732
5.576881243918571 1.1709088135688972 0.4986651965526605
5.62467497571771 1.1969358738624112 0.3123386967465228
5.6274475865827425 1.1978311724043256 0.31351539452379223
5.721372956856163 1.228282528750204 0.20508668274243513
5.739522599033485 1.2320578584861055 0.18951251623002227
5.7418371347847845 1.2325018197044981 0.19226453310168412
5.8336753474895975 1.2503798870547824 0.026937308133269694
5.928962004191476 1.2529472740986298 -0.07268231114452375
6.018893880196535 1.2463992830446797 -0.010296594740494228
6.047186293954189 1.246107957230473 -0.017682155673929244
6.078423720993199 1.2455555546103674 0.03284820501745492
6.17152996603865 1.2486150281104884 0.20457933861797437
6.244842042322321 1.2638259649411079 0.3896713859038271
6.283085045789699 1.2795312508504975 0.5084276763433541
6.3679132274503685 1.3268056785682802 0.6808179889110686
6.377051007752075 1.3342074192326132 0.6671689915698991
6.406340536084002 1.3572775076685066 0.7863076152985629
6.429574330771812 1.3805536008739432 0.8646174313413865
6.430252099360764 1.3813482586219064 0.8662923908002232
6.466156849435493 1.4235882960514963 0.9934489032916582
6.506605767994448 1.4856851987907889 1.1824916717363072
6.543881298348365 1.5768068185305852 1.182763301194084
6.578047539274477 1.6603924302090334 1.3140419964729013
6.596426338141319 1.7303937897847943 1.275080442576488
6.61862554735762 1.8032620898241933 1.303958528828424
6.638868911505219 1.87731685002966 1.1630454537559038
6.676314019850774 1.9640034052643112 1.04596496911567
6.7161257333259226 2.032763448976821 1.0034889016039794
6.743530100466199 2.075772530491976 1.013380376313496
6.754715303869288 2.093716066134971 1.0684719886232628
6.78477949785709 2.148445468511584 1.1992716710196432
6.800410171640239 2.1885633913337257 1.2191576609787762
6.8261405279659835 2.258695020523311 1.41951511720971
6.8386206524339315 2.3405609191153767 1.5091657267175451
6.840399497462974 2.369387382630294 1.5618381921687443
6.840676256031019 2.4002812211839686 1.491824628717617
6.846131307219204 2.4692135907273562 1.4102241989220388
6.852973855613784 2.511460268764433 1.5000252197949164
6.8597849702582945 2.6075409981123454 1.5439223642932425
6.861083459320974 2.655847103089583 1.552789174882446
6.861824137388401 2.6969750955942198 1.609563338783371
6.857952649680128 2.7967905792590835 1.7429032183326036
6.842075381999443 2.8881302775166815 1.739222652969536
6.8272986169853755 2.975033400776908 1.961156830822598
6.8009438337814725 3.039082720610988 2.1433902006797263
6.75038799550948 3.117508343221121 2.424242385381072
6.726548485945851 3.1383057102700644 2.3476058732881864
6.657306450109355 3.2087474661805935 2.6475976074751975
6.651837286882176 3.2116927789240224 2.656293720262648
6.61839643212828 3.22932830433076 2.7071251012768704
6.6111322079121555 3.2326991904930256 2.7075018393737946
6.522125099175936 3.273961248933919 2.859424204302496
6.470302851488381 3.288984702361934 3.042514790692767
6.398835317297115 3.29608881379707 3.0399145973901103
6.327264125935848 3.303391215893463 2.98313924662139
6.2739231337299115 3.311914732206054 3.025451089721249
6.193582216247597 3.321287834114355 2.8410141394732378
6.11724436982461 3.3449502942820195 2.7085342502804077
6.030262738382738 3.385164331173787 2.656744039337609
6.011425235621154 3.3950877251248053 2.6563595251514007
5.981971090749051 3.410618323393635 2.652194711406957
5.909107126685215 3.44942676724122 2.706905762267671
5.8186897766877355 3.4914080840246973 2.873078372003288
5.739709042816651 3.513140365496626 3.0205464144426166
5.691333988678346 3.519024751700007 3.1247097038476626
5.616215901837586 3.520293087093388 3.0968497722480928
5.553892057462835 3.5230834977802736 3.2044189358203465
5.527543449716765 3.5214259312562 3.2513754977391636
5.453338493087985 3.5132466138463907 3.468466817614182
5.437226675058404 3.5077841271500776 3.477472039936138
5.344750901217313 3.4755001525180873 3.7558598998075547
5.272868335543391 3.424802123326606 3.9614202433922965
5.235816368359256 3.3851067444704386 3.970196933924768
5.234766647251475 3.38396215676061 3.9687368471890534
5.198092940307622 3.3440911545175056 3.8079855711532113
5.193264759469128 3.340294274304515 3.808381411562893
5.1412266676052125 3.299338183825493 3.7958425348193745
5.080313268559519 3.2526217422556356 3.9571703215452185
5.017936229502004 3.186361308941017 4.205165785982854
5.014355130552168 3.1799172236820783 4.214094769524619
4.975091136671911 3.1077526600858443 3.974311828956728
4.972104032944865 3.1044685756830277 3.9791957141265017
4.948832241319507 3.078630686633532 3.954884588994306
4.89643456200535 3.02322518997676 3.7210373728262316
4.823666854967552 2.975607814068109 3.527387119949232
4.8044912763882985 2.967819705681863 3.521718161167064
4.749021498792103 2.9456562979396956 3.4296879346383387
4.653394699689832 2.917318287877235 3.1950388871683626
4.591964778380639 2.91403196022666 3.2271586814195588
4.561088514256904 2.911383534270927 3.1875008209756075
4.473343643372712 2.9073524957682135 3.16586969337312
4.409183176545679 2.9057945634819062 3.002049660425297
4.374307344577587 2.9106930778423274 3.0538301018074527
4.3613967864878385 2.9118290594077885 3.077346645553674
4.331026307916004 2.9137829303912857 3.1357112907500557
4.3306875473538335 2.9137849227880404 3.1352672905809347
4.234845201883964 2.9143911685001203 3.0234589960642637
4.197398887269524 2.9188355323975066 2.9873676807804532
4.125738793673201 2.9299757735739997 3.1191786864358106
4.087830992938975 2.93082558008958 3.2191952798640013
4.0852197994635695 2.930622536867676 3.2233658080698415
4.074226477483747 2.929721569143714 3.2610364152221765
4.05427019849106 2.9273265153370875 3.273386800181738
3.959903922385264 2.9148170801344064 3.0632286061451643
3.9461636735921948 2.915896031132776 3.1007155133417172
3.893527992040004 2.9180488264676026 2.9933668250978878
3.8046416206295213 2.931321428843408 2.73569913948674
3.7835998421007107 2.9403642942803656 2.67285288059814
3.769929521855395 2.9472866916608815 2.658790413502764
3.754994358201061 2.9551153729526085 2.699786307692831
3.6675768015213643 2.9964629245811305 2.6603890520575852
3.6242591839004428 3.01908085581895 2.728645625221027
3.5339569039310885 3.0586458464670754 2.5739960319459962
3.461506246044627 3.1048391525841836 2.7195183355149823
3.41405663643626 3.1261470095013046 2.696853144441734
3.408606287551969 3.1287445556613402 2.684932656849388
3.3782837133015313 3.143641907639584 2.6822220488352717
3.3433722605975533 3.1609113856091433 2.7968029469445796
3.3086417493611036 3.173384331481539 2.8280891341166043
3.215822393884131 3.2034758908968275 3.0869198581797064
3.158719345109482 3.2066009885787703 3.1180745930491365
3.0713022483400305 3.20865724827204 3.374411194904342
3.051081431881652 3.203862520705431 3.422997960541395
2.9717106690396773 3.1809183023418135 3.625662696468044
2.890553223930066 3.1382461212808086 3.932758174392586
2.8601021309042554 3.1074417421369036 3.8755466651181165
2.8530655141616332 3.1010942667094676 3.8707702508135275
2.8177495415131344 3.069541649868587 3.923922000811853
2.759735476105166 3.0118825652089645 3.9709843057472667
2.7310779905368063 2.9805857791200516 3.9098067884362524
2.7225144559770325 2.9723116125798485 3.880921934783914
2.7204532808788966 2.970432108698424 3.8847855365257034
2.7021713898487456 2.9536317534938386 3.825689080610214
2.646286377115436 2.908059808604663 3.9178189431969836
2.603603860223684 2.866153154667937 4.079784534719095
2.5659482369939233 2.8147890271491116 4.098457384598582
2.530928547952643 2.7651007076645167 3.993411392438486
2.4761758394070124 2.7025448159235994 4.083524670463195
2.45811245962945 2.677711220207722 4.0146479045462815
2.398570776790285 2.606695887629382 3.8938250639556973
2.33944976628674 2.5513719232105996 3.944386269738523
2.3176408032385876 2.528790694786203 3.8779519621167218
2.2880881992538544 2.5020031633708997 3.9556272327983306
2.231129065104544 2.441684700882717 3.8571787368772
2.1702917532460875 2.388799516100429 3.870621876036547
2.1555036242662435 2.375591191185016 3.9138706824612006
2.1087997017675506 2.330096989887344 4.099446875852042
2.06976165937725 2.274590600585591 4.235933958860077
2.0599381184881738 2.2555569111124893 4.273489344104723
2.0468498908194706 2.2276762195440902 4.217491831552954
2.0180211590895567 2.174259515999746 4.237131871300965
1.9839478236546064 2.1080459198676764 4.353284721148069
1.9613366006769715 2.0478104518174285 4.333079386724372
1.9275782102367347 1.9631206858172587 4.619190490300689
1.9202725980768098 1.8849601081798544 4.676218201424169
1.9174939646781823 1.8081737743677115 4.873243352284552
1.930663309325333 1.7270098848629445 4.602274878698958
1.9249370659037535 1.675217418528879 4.549681460931685
1.910352305460857 1.5863719343453293 4.334560781589207
1.8800785264051108 1.5100957033425297 4.1846929833634485
1.8518373508788935 1.4616401349636912 4.011371911777495
1.848287567932695 1.457434373015243 4.020888923642887
1.7912933945951541 1.388589281170137 3.9486716672184277
1.7780595086686632 1.374768740345425 3.94633739795957
1.7096861336119404 1.30369724722047 3.676264589991598
1.6618270433666047 1.275354611023499 3.483775360434051
1.575541735093998 1.2446202494642322 3.1949713567351514
1.5381912381814453 1.2426246326561021 3.298059894791748
1.4785037025084968 1.2332085211665877 3.2892513591605383
1.4705701191531135 1.2320284697690047 3.2860298785465063
1.3846141608480034 1.2195261670435986 3.0534281271011396
1.3704419254845779 1.2207789029789484 3.089860036705428
1.293672954820488 1.2247539094148379 3.0566008970059206
1.2832005447158679 1.2256461273219597 3.0827365726490523
1.1959276968249248 1.2307886044055503 2.909779229479854
1.0993754016452124 1.253580451350149 2.9343701610138995
1.0271625769825752 1.2687625092690429 2.8050238223077377
0.9483567716873513 1.296335165813633 2.8254835109793563
0.8632594951261747 1.3241685104540915 2.6869841201355467
0.8226626572423991 1.34401028343213 2.6447962658840254
0.8079619804735271 1.3519802556974867 2.635859825414556
0.7341390678953024 1.3928611499268977 2.532074023083938
0.7089183406956121 1.4104703269968495 2.5689087814522846
0.6298631395413836 1.4614420851332328 2.484671523532994
0.5836039394382917 1.49711640609662 2.416278509507195
0.5528919776169443 1.524342991919511 2.3661539458404826
0.5501969649026678 1.5269848505429235 2.3616918348272553
0.5439217192375105 1.533191478356648 2.357177735203847
0.49058392209043256 1.586424490253594 2.101489198513465
0.4410346243866653 1.6708574050722447 2.078456486328015
0.4016045873487414 1.7417376671731803 1.9407058392965688
0.39503928699408697 1.7586690581994864 1.9576737582784371
0.38328895102301114 1.7875106504878244 2.040474540505144
0.37906920417246054 1.7958244209134193 2.0255069561884143
0.3736095914093233 1.8069920553434224 2.029337495805586
0.3373571829766358 1.8804320347810666 2.1638121491624016
0.30999864160383883 1.9210274184670901 2.24072987351805
0.2671010889474094 1.9751810110566106 2.1223301140394937
0.2320421147026046 2.032167316202912 1.894009238591888
0.21416045702515424 2.0855519374872418 1.7946195082186884
0.2131995272365984 2.0897732582005744 1.7930780250810467
0.20181292967450815 2.140152767409427 1.8251060325802726
0.18444611483937226 2.206964217227158 1.8365997829352227
0.1621402650958039 2.2888971057891165 1.7951176308931336
0.15965485769109902 2.2997903122244514 1.777994805985667
0.1395886250076873 2.3952458949146913 1.4416690694333183
0.14455979095803528 2.433529877711039 1.3860498473632343
0.15353976770157624 2.4815826339188654 1.4583178883480339
0.15661042013601317 2.508767329864373 1.5320436647550502
0.1569158642403146 2.5166452709083593 1.5232236825258365
0.1586666199203186 2.55341923550254 1.6088076620397138
0.15672088000240458 2.6045829924926096 1.485705969620171
0.16422165758221977 2.6925208774105496 1.648000137927284
0.1592450425339778 2.7568534985367945 1.6542827499828054
0.15240418612707815 2.838602784295754 1.5940417198790868
0.15097535990679684 2.9000587833932907 1.5835787196414508
0.1497919640382143 2.992633892809262 1.5539458335787444
0.15049384787661554 3.0342835583342334 1.5702725595317695
0.1505034026813428 3.052526019301492 1.5790289640383732
0.15032641831138624 3.074023428485798 1.529877257553359
0.1510380338545145 3.091404525922207 1.4780090301677649
0.15850429933600824 3.171639930443476 1.5736083227823072
0.15848596896960412 3.1781585450401773 1.5789549826236715
0.15785622930068477 3.2553435261792187 1.33309094742495
0.16255841718531433 3.274751116263059 1.3365262169143899
0.1783587748074199 3.3409577705257982 1.1622029235951008
0.18124113669333666 3.3476151117196085 1.1835467055132072
0.1916063640149666 3.373029833033176 1.123691765467615
0.23330387844687292 3.4599922377157766 0.9961417270821908
0.24831001976623662 3.4831657718141007 1.0251071912235326
0.2537622621203231 3.4921452458241373 1.0359835455247568
0.25486620046366626 3.4940087463218665 1.034389929461117
0.2962513020824459 3.5636155673131675 1.0031233142424332
0.333145526608035 3.6214715786069442 0.9146869303646442
0.38946826093381176 3.6946284773715172 0.8891152091765648
0.4098936026064243 3.719800024536197 0.9574254300605753
0.4646819380995482 3.7976300838601165 0.665026716102818
0.4797718445636364 3.8094634531439424 0.6748962491109832
0.5192504421799033 3.841056387815432 0.7441097528323766
0.5540553672107287 3.873099686483851 0.6368302676386383
0.6121316076488706 3.916054531790551 0.6808512249490047
0.6424741419021698 3.9406341150210427 0.7048130107560001
0.664237594176953 3.959145009219641 0.7143328629241488
0.7356484167960188 4.021064677412152 0.7340119872673635
0.7389558683620767 4.024048556691395 0.7189565202880099
0.7779291141433337 4.058158853871407 0.5833133088426008
0.8612578827306101 4.113148699922753 0.5816297569023028
0.9076865439760632 4.143675556934675 0.597167085489042
0.927446485468006 4.157112040532059 0.5893162709117489
0.9523681781761713 4.173773833214617 0.5484694785234978
0.9731830947919509 4.18649177525068 0.5177642303642155
1.0575988913744678 4.23457475174771 0.7730088302846014
1.0830116597406565 4.259365500194571 0.7586941950617447
1.10744624572474 4.282528733308843 0.7570067410133842
1.1798318517285666 4.3509165085467085 0.5964998292844744
1.2608175024074673 4.405906628724394 0.26733618637788475
1.2937358992494272 4.4149227272161555 0.2509976265335292
1.3000239998548806 4.416535026794355 0.23777082987451018
1.3884181684048142 4.437957823814932 0.10312003952455862
1.4776506926312185 4.44719224060482 0.375093804419126
1.5194218902804693 4.463639019710182 0.4135953137482796
1.6042060975030863 4.500851859322164 0.4654000176960935
1.6356025069788012 4.516618898619831 0.4702274070183644
1.6494444512888182 4.523654094705598 0.42050080471165135
1.7173277821505823 4.554009711815436 0.3751357332881844
1.7347424734373085 4.560867327261011 0.33362653473668613
1.7952618670509117 4.58184225590292 0.42048598931163694
1.8402611956512613 4.601963956854254 0.5363137131113596
1.9223476740082313 4.6507586074205225 0.23977734858993432
2.000631883016929 4.669897588017486 0.18354031876695523
2.080809990750599 4.684781006153157 0.17646397533840766
2.098899478362166 4.6880067009755795 0.16554524611465876
2.1392399712969694 4.69474655971192 0.15508003227938236
2.2101632180062905 4.705834368530746 0.22461188138916133
2.24192849842233 4.713091685475358 0.3365069428977832
2.27469023767089 4.724552120908357 0.3372947315674699
2.3154843680867816 4.73885845937162 0.19974736973648988
2.3475409408139187 4.745348217561837 0.25224233496785853
2.3913663868377797 4.756643429864272 0.20625621191135365
2.398903300229418 4.758220390911313 0.20216278970583004
2.4017701924664245 4.758807996851276 0.2042186916280733
2.456507567380946 4.7701444281853815 0.26185120532059025
2.5095526731823665 4.784360767499443 0.2531963116271386
2.561739244260326 4.797864012675231 0.2927454013853348
2.6017441407500286 4.809921693522453 0.34608418999707263
2.6908440265017397 4.842050865598373 0.10306975286624814
2.748936000802888 4.848059684093261 -0.0005444467650478901
2.826580265914099 4.84801741092012 -0.013550805078245643
2.9092254191741556 4.846897434005126 0.0260398936113362
2.9799771244917657 4.848740217419019 0.0628790865730004
3.065858500612757 4.854147488167721 0.23559096918423758
3.1609486917190672 4.876973759023839 0.2766744509779293
3.194279820136146 4.886438373654649 0.16642273728064333
3.283782633201819 4.901472733616817 0.04747236673321638
3.3286300871427827 4.903603349174463 0.14268496347393017
3.360284277555437 4.908150828856011 0.16680215696321388
3.4303667420961603 4.919950371360235 0.3870199729648899
3.5179913604347353 4.955664029167443 0.5016482069472187
3.5857353297885357 4.992817838526288 0.611766849388693
3.621027362246237 5.017577036247903 0.705774623156863
3.678955806597426 5.066944129652976 0.7198043808314045
3.7301767132212835 5.111850618199532 0.7143390252896065
3.7917195126885885 5.165214478571449 0.8455584299119778
3.8372862617033854 5.216622291553834 0.8320257103471446
3.8515725781096948 5.232307101720009 0.8257987916192198
3.871533534733164 5.253949786677605 0.8740894223469386
3.933110036459862 5.327546505631374 1.0104907298070707
3.9375613952475303 5.3346417141152855 1.0019160303933807
3.9590644096624317 5.3682722302943136 1.1013013892223815
4.003546287485764 5.455950503787647 1.3062740651643998
4.018750946500253 5.512083246349275 1.4778488757386286
4.026778100918564 5.59819668853461 1.3815577359273536
4.028949293611381 5.609532710911852 1.3441949274302099
4.0457187827949035 5.682266039923681 1.415534864176477
4.055796467680611 5.746651472816193 1.4812729387648644
4.062339107052573 5.819539146596381 1.445708458632619
4.074074391765652 5.9128656514566575 1.713177721948795
4.0694764485078 5.944940281973346 1.720668154528093
4.059688775835171 6.009757537497701 1.8460143528434858
4.048539511346623 6.049240171051991 1.7811499126998107
4.034565291372494 6.114689476122876 1.7523677187909334
4.024219876351811 6.171039071965054 1.7769943022900485
4.003835852158864 6.2684906043946516 1.6744758475334034
3.9969300067074554 6.334859381829203 1.7964111125991977
3.987688119859175 6.375125102093122 1.7000157235651303
3.9790937658105707 6.441264286683498 1.639429106593674
3.975746461738077 6.489958899551342 1.749305848625048
3.972800217144482 6.50628790662004 1.7358477841137407
3.9592628784826274 6.587560662763501 1.8987201959757227
3.92764451098604 6.680499331794062 1.7143231839555415
3.914832826354272 6.769148874032104 1.7045772532982828
3.905678246093684 6.8371697872025265 1.7049536152138136
3.8949019922231063 6.917012823027946 1.629546374299391
3.889925846359472 7.001615637633143 1.46892913919288
3.8912327211099265 7.01440043324968 1.4856528203770811
3.89903180412361 7.105778248880215 1.5405749125705408
3.9014224316034194 7.184857924108494 1.7873101097092654
3.890312174481463 7.23536788374081 1.7516207770163543
3.8779367978162638 7.303058953700963 1.6439538568730236
3.8720831870897423 7.382929940372771 1.58276619121395
3.8714552900019195 7.4353839262895285 1.4436291261315193
3.8830641564194006 7.526179518280026 1.1452342141871894
3.914351247659795 7.595206239132361 0.9107219009886817
3.919513866941954 7.601857177672822 0.9063051736658208
3.9630019101618914 7.657374314164702 0.728184952932264
4.0338290802130015 7.720527654217706 0.8569180964250948
4.038129566221593 7.725491884184219 0.8605300763902237
4.042614158038115 7.730706576009929 0.8700682540484168
4.072878273584202 7.766584352817821 0.7875472612844954
4.088728249714308 7.7825026020791 0.7764708924647827
4.128526708897159 7.8215967469009335 0.8376334010139197
4.18089126233779 7.879738900145194 0.5856139460372756
4.188049132883029 7.8844861563810476 0.5676667359510918
4.253977885691344 7.9265277088061765 0.5833339367923738
4.311352687736756 7.964391860133457 0.6092289689330467
4.367609030770904 8.003645950437448 0.4043497689679103
4.441279509416612 8.035171758805474 0.3242835508862478
4.463412788331854 8.042611864015148 0.26915805013264377
4.552142740522151 8.067088190601776 0.49640437186601066
4.620875189729376 8.104316633176301 0.26096549441003325
4.689509303187178 8.122645759423449 0.31601945198586345
4.7205287238966775 8.132788412496767 0.3558958763222122
4.799956351061265 8.162313604338804 0.1100549257315305
4.813817383033422 8.163845268063408 0.11593223796887113
4.873991961375126 8.17085286446047 0.32201759578631745
4.966791685210848 8.201813643043359 0.22924964574263415
4.9892915519263275 8.207064032171132 0.23131156396762217
5.0386726783727696 8.218694633387138 0.09046895153981901
5.0567440951904 8.220334010527552 0.051018519118660226
5.122388706242432 8.223686010170997 0.18316960208769134
5.192945756810454 8.236756420615963 0.20731135827602898
5.232677708641587 8.245113371631918 0.2997943631454992
5.264214078807573 8.254861608970826 0.3046089059647783
5.346556896758796 8.2807496493343 0.4842111936717475
5.3838659106731175 8.300373265912011 0.49082951763195365
5.403050371178397 8.310626480182707 0.422015409039544
5.492348861865479 8.350720793764665 0.19340871876470603
5.5804285558570035 8.367971815470334 0.11995219537273268
5.661719305078433 8.377769857580528 0.3038400280164705
5.7404698627107 8.402461996512177 0.17582029458434104
5.753960767268424 8.40485871881833 0.18256850595689814
5.803970768712125 8.414091781946624 0.034975410214309555
5.849592584509875 8.415688074625901 0.03532999690571235
5.930910366919597 8.418562227573894 -0.13068357175044143
5.962327599270456 8.414432977917128 -0.18839783070012073
6.022250464645326 8.403008149163169 -0.24946081776182744
6.115665080352963 8.379209125775294 -0.2720606687853042
6.168303163866199 8.364524263207397 -0.2426634684830363
6.248586526006017 8.344650797370523 -0.29073894849047344
6.344359206801593 8.315993914547834 -0.3464184693069798
6.431988327903102 8.284361990610492 -0.1831468339362527
6.494027538710829 8.272870936779796 -0.16993148155528628
6.54641754654158 8.263881529934295 -0.14477949634345955
6.556634951043164 8.262391836141093 -0.1290560273199153
6.605877412595858 8.25600128101231 -0.2064673848538125
6.662416582220058 8.244159032813618 -0.2579918651775845
6.722481214599519 8.228309631621194 -0.1977316387909986
6.811846671419076 8.210405302954442 -0.19019854898120686
6.837879118547609 8.20539338685603 -0.15027699767144015
6.912808220031138 8.1940477306015 0.016770488121852778
7.000801280055636 8.19552355553027 0.21266105606426342
7.0970191543949745 8.216299494030219 0.2746735314344806
7.179813901679089 8.239630738354235 0.5372870192880874
7.232573193996544 8.271061970888187 0.6166033072310767
7.267519757877673 8.295831868908445 0.5870655777166439
7.294150663169062 8.313549783816711 0.5604982114602868
7.361204790504528 8.355635890651984 0.43769239468940024
7.390514517306536 8.369351803229101 0.4153579619452971
7.4748245207462 8.40653388382902 0.6330694279109934
7.535060114149718 8.450736355495964 0.7434280993165048
7.562494112337567 8.475959050356302 0.8446687011479874
7.569646826756717 8.484014200058226 0.8329398003409264
7.571529799113561 8.486085297101914 0.8404821010639651
7.620267802981995 8.540511760609094 0.982172504250357
7.674459247218152 8.62168961835359 1.2902209949394314
7.699626800503846 8.70902318127295 1.1895082315325902
7.729191825118544 8.782768511102285 1.356172524669391
7.734508081662114 8.807157122585803 1.3047705553967173
7.745174730736692 8.84630306162065 1.3273856529750836
7.768920112939416 8.941921538455865 1.143352177066908
7.791717906920662 8.991968151248795 1.0439202808043793
7.823986172770938 9.047437805952407 0.8564304050507602
7.86785919080258 9.098032377123 0.6756073138206068
7.885850655731773 9.1124511299653 0.6209173420191872
7.939689263590414 9.150961605921534 0.5807157555311206
8.016391134881095 9.201292754064992 0.695177531425222
8.071450263919104 9.247216356761774 0.48209879960422486
8.144742542063755 9.285568843796524 0.24921499090558066
8.230866861354308 9.307487990959881 0.3499452795237202
8.273503556808253 9.323048955802687 0.3227057422795632
8.324273531640817 9.34002618110801 0.15708657974431428
8.398657457512712 9.35180796728991 0.1767220142352796
8.484402463722308 9.367120739768582 0.03448923521936126
8.48839727169869 9.367258572295805 0.03524207844033285
8.510386449346262 9.368033837606774 0.016886206087231292
8.565307147525823 9.368961327992457 -0.03527103130796595
8.627726673136344 9.366758813531817 -0.21597433752292167
8.69927411412131 9.351061574558992 -0.20844495060720367
8.776388320243495 9.334750586898302 -0.26056104823873905
8.842298287385487 9.317177514351727 -0.2045809863955699
8.920910196074884 9.300866822537834 -0.4275752196229891
8.945519384803633 9.28965267398808 -0.3976162399604053
8.972149467225742 9.278468407517543 -0.2994822112640781
9.005013427890825 9.268321035081426 -0.3210845243325448
9.055200373279995 9.25162918506296 -0.15494032205432587
9.102564151035795 9.244231332263329 -0.2805277448349474
9.132019481318558 9.235744491801274 -0.3394536389976347
