0.5 0.5
0.9701638464491158 0.13943302018559423
1.2147321517464629 0.2659581560796247
1.4862436369658998 0.11665019499945528
1.1397987879678404 0.469438916059305
1.5058229973110375 0.6500971451506353
1.1474571401434817 0.3930850757924983
1.4914687063152448 0.7486621979367103
1.5091434968493782 0.6068321244016033
1.894718539108058 0.8709110037162525
2.311161434807636 0.4314685835004385
2.6110093519240323 0.13631540556777633
2.9787966449016454 0.25612126633577004
3.193878438661111 0.1508902026888448
3.653182050166767 0.18338135719313864
3.9286391977424304 0.4342411248895576
3.892747577639059 0.6362516681055326
4.254060465326283 0.7244693731581894
4.167353877812207 0.38115032774842295
4.285358865029075 0.37442618568664365
4.474127642947655 0.5328282597669436
4.07272359227499 0.1337473508901661
4.531847358946432 0.23305485656148406
4.863327724202804 0.46490518628823474
5.237210477068369 0.5903352290170873
5.687883277175063 0.9562432810874539
5.584889191762497 1.271600474696207
5.662402552213777 1.0293354249014335
5.957859570370999 1.5072419466325044
5.887196730840373 1.7932579707063405
5.406248715982414 1.3292603586962648
5.357343421778666 1.701250787190005
5.397615246743802 1.4684171897499214
5.884310575076851 1.5950335310511954
6.337254491639069 1.7244489935852843
6.098874136068578 1.5750661241562465
6.551904689447062 2.067992990937778
6.654676864464068 2.3977697715642465
6.516646906286499 2.3774214862545247
6.483922323709829 2.85628963434994
6.296458197443947 3.2121313477598292
6.500089095623289 2.820235687969671
6.722991707066766 3.0410159312420344
6.474726545019577 3.0782418788432344
6.003369601818491 3.5637596241587923
6.030712253547792 3.0955932208494827
6.202955316986332 3.343529970852696
6.462117701034851 3.3005659006889276
6.669356515913459 3.3930723079399394
6.656054934229447 3.5734343497797405
6.70509380611443 3.681281809126741
6.4489294297490725 3.4062824689524778
6.211946123394721 3.4528561335673476
6.136844138331485 3.8311976122568128
5.683086301190386 3.5713680233325977
5.3552988545027915 3.6687675729677256
4.965847479763366 3.791979625368432
4.685843450512763 3.6072676355191597
4.807709948138214 3.304020106408008
4.909490327715088 2.825340249039291
4.668803355166104 2.652799704153117
4.826244204521169 3.1262045795776547
4.451671837518646 3.0063125523994825
4.303810129262221 2.7604344170157944
4.488868236163242 2.843773660301975
4.34032288007621 2.8169843161608448
4.830817177285436 2.400216568862068
4.446631612383566 2.6475210736033663
4.510759116275632 2.4701128857185086
4.225685590326421 2.622381446882813
3.8964647500873406 2.5693082117998665
3.398508905000461 2.6433066003261247
3.5168304931419017 2.5247827309025803
3.6716485583792746 2.4855506495369
3.4142281544218998 2.9811616170319137
3.2719306992050443 3.2256685001960275
3.5893888662842004 3.2555544933581277
3.2086436496034 3.011288795933876
2.849986370500543 3.260295981008378
2.6310231327487568 3.517061967344669
2.9420539934731718 3.4869379147480415
2.443852037774867 3.788698774180769
2.1316307793498197 3.5853785594373004
2.578603210630501 3.407105569733464
2.6025414465733365 2.920360361155992
2.6453010375196016 2.9446126585714003
2.7667814467528866 2.594554713163193
2.3399563486522785 2.455830704933764
2.5261292657647365 2.65529569007318
2.2206857968598306 2.8776196814353328
2.2947578118866154 2.6898469455485556
2.344376286135394 2.279784729574078
2.03286500482682 2.2322025719699594
1.6769110027681342 1.9114360136361885
1.5543432504558887 2.1176107027658224
1.7197500143803106 1.7226158055309653
2.066282076864997 1.3554924323064341
2.0534659183732598 1.134423836183136
1.92288424515549 1.1179998624420882
1.615632204627484 1.2651944713166903
1.7877703134856684 1.5881188483912227
1.3806841052195429 1.7707276411669612
1.6651033923599332 1.4923090024395704
1.2141903436734738 1.286132696983239
0.7662514653041912 1.3748338177496129
0.66789495933583 1.6886072659491178
0.5367489226688539 1.8345830710749933
0.46284567528935816 2.3290596346670034
0.1265478141998284 2.430316621710044
0.29576575602171995 2.2379860230527426
0.3548381986110133 2.094144899810315
0.8410795439370867 1.8945792570781426
0.8052160750394096 2.0766908400778568
0.5745036141406705 2.2259356540211397
0.32968953303680204 2.2451387649491594
0.7708904813605882 2.420876340317862
0.38931412283164135 2.3654019147105054
0.5728369283924964 2.5748472544617567
0.33736795503917993 2.6036370311708152
0.42588627139839774 2.8023758493596613
0.5842488737025409 3.242533998732726
0.5731004482563429 3.5595837268877704
0.6378727916861973 3.9312823712019727
0.8326668739147646 4.428972643953674
0.9194474186894631 4.38426586559762
0.9075118106335575 4.455407058869659
1.01278401902717 4.070395412023875
1.1082635918131318 4.460617133762035
1.5353785301093414 4.474521742025967
1.7498029670621191 4.244883207493289
1.4966820262640528 4.071221414140129
1.712391124992645 3.6045919002349
1.8369748447130418 3.9745884242470875
1.5679262929668076 4.288647373634943
1.6395179959677204 4.509574510318833
2.0933050032755522 4.494423525948179
2.138603134636317 4.194784282759024
2.4234300174328918 4.134866227678349
2.77159861008927 4.476899255018531
2.8882673279853672 4.656740972226235
3.328119838097823 5.07121672335807
3.658223487565921 5.402901372118719
3.9022352892208048 5.352736819484194
4.29409963964722 5.8280212242118115
4.6385816102858515 6.3087627105387885
4.330871817400995 6.600663061366186
4.781323287037882 6.5670375318601515
4.382846843203665 6.564365206273082
4.162545596514456 6.336090818265064
4.030997923460312 5.914970886191638
4.4076264388509205 6.083920942432717
4.367333042624288 6.080854529488986
3.8747536157643276 6.567814503196657
3.9666619457179997 6.921358149727599
3.4726694760801133 6.667133781018144
3.511762915798282 6.976110138081917
3.5113529646613397 7.025723073137977
3.985507319057799 6.809545658993946
3.96906113296497 7.142931575952515
3.8211072031185633 7.307904628656348
3.496948600181833 7.146449530536772
3.2030486354835115 7.562800666857641
3.5288816440249837 7.36468925793783
3.885275955302183 7.635473958352862
4.339901239595892 8.107367869169167
4.492050962025735 7.8811137294190035
4.525062530789197 7.6435633239510405
4.873455121006001 8.115920044446929
4.567315735134402 8.204378740947806
4.394987206363491 8.690381636570875
4.89122987297947 8.369797546841305
5.143068277290269 8.196269930855356
5.559821300427754 8.388075110004927
5.379972518971519 8.405014683260987
5.493398997865517 8.694779826683613
5.9845565622682315 8.65803411778963
5.812316152757715 8.532548109806323
6.282136879157166 8.594015547260135
6.765981974275944 8.330848149110503
6.302457242742555 8.36766221239298
6.21883112878608 8.21537936975488
6.472381871383349 8.405633074727701
6.633449540470504 8.375976574486835
6.516267318342819 8.366035732591335
6.5849301129216125 8.252474726424932
7.024160742238118 8.709129985351904
7.33280147260413 8.443544225740267
7.35152622964019 8.623115576873102
7.253841354554113 9.013658201073884
7.3457845866063085 9.421436965138868
7.520222634713399 9.757660028218613
7.3621260927796754 9.499250423814956
7.773678608066011 9.161199661084126
7.522460541296851 9.533395716942183
7.902267824386481 9.231518065115282
8.265809582178777 9.56260667390689
8.378600665752305 9.208809186870203
8.530616627863687 9.280885749922554
8.53993903368054 9.500301874221154
8.50869656102782 9.367465229311877
8.702873362754078 9.283061740209524
9.035608320350617 9.356665649903736
9.135433970696209 9.76888414995404
