2.4412155151367188
2.4419069290161133
2.4425745010375977
2.443075180053711
2.4438858032226562
2.4443864822387695
2.4448156356811523
2.4452924728393555
2.445650100708008
2.4460554122924805
2.6361465454101562
2.6371002197265625
2.6393651962280273
2.640080451965332
2.6405811309814453
2.640986442565918
2.6415586471557617
2.642035484313965
2.642655372619629
2.6455163955688477
2.6599884033203125
2.662205696105957
2.663111686706543
2.663445472717285
2.663874626159668
2.6641845703125
2.665090560913086
2.665567398071289
2.6659727096557617
2.666497230529785
2.667093276977539
2.6675939559936523
2.668023109436035
2.668428421020508
2.6688337326049805
2.669358253479004
2.669858932495117
2.6703357696533203
2.6706933975219727
2.6711225509643555
2.671933174133301
2.6740550994873047
2.675294876098633
2.675652503967285
2.676081657409668
2.67641544342041
2.6769161224365234
2.6812314987182617
2.681565284729004
2.6821136474609375
2.6824235916137695
2.682805061340332
2.683138847351074
2.683424949645996
2.6839256286621094
2.6842832565307617
2.6846885681152344
2.6850223541259766
2.685403823852539
2.685832977294922
2.686142921447754
2.686476707458496
2.6865720748901367
2.687215805053711
2.6878833770751953
2.688169479370117
2.6885271072387695
2.688908576965332
2.689218521118164
2.6894569396972656
2.689814567565918
2.69010066986084
2.690458297729492
2.690744400024414
2.691030502319336
2.691316604614258
2.6916027069091797
2.691984176635742
2.692294120788574
2.692699432373047
2.6929855346679688
2.693319320678711
2.693605422973633
2.6937484741210938
2.6943206787109375
2.6947975158691406
2.6952028274536133
2.695488929748535
2.695775032043457
2.697896957397461
2.698183059692383
2.698516845703125
2.699112892150879
2.699446678161621
2.699732780456543
2.700042724609375
2.700376510620117
2.700662612915039
2.7009963989257812
2.7013540267944336
2.7016401290893555
2.7021408081054688
2.702450752258301
