399.96875
400.08203125
400.19140625
400.2734375
400.40625
400.48828125
400.55859375
400.63671875
400.6953125
400.76171875
431.90625
432.0625
432.43359375
432.55078125
432.6328125
432.69921875
432.79296875
432.87109375
432.97265625
433.44140625
435.8125
436.17578125
436.32421875
436.37890625
436.44921875
436.5
436.6484375
436.7265625
436.79296875
436.87890625
436.9765625
437.05859375
437.12890625
437.1953125
437.26171875
437.34765625
437.4296875
437.5078125
437.56640625
437.63671875
437.76953125
438.1171875
438.3203125
438.37890625
438.44921875
438.50390625
438.5859375
439.29296875
439.34765625
439.4375
439.48828125
439.55078125
439.60546875
439.65234375
439.734375
439.79296875
439.859375
439.9140625
439.9765625
440.046875
440.09765625
440.15234375
440.16796875
440.2734375
440.3828125
440.4296875
440.48828125
440.55078125
440.6015625
440.640625
440.69921875
440.74609375
440.8046875
440.8515625
440.8984375
440.9453125
440.9921875
441.0546875
441.10546875
441.171875
441.21875
441.2734375
441.3203125
441.34375
441.4375
441.515625
441.58203125
441.62890625
441.67578125
442.0234375
442.0703125
442.125
442.22265625
442.27734375
442.32421875
442.375
442.4296875
442.4765625
442.53125
442.58984375
442.63671875
442.71875
442.76953125
