64.0
64.0
64.0
64.0
64.0
63.9
63.9
63.9
63.9
63.9
63.9
63.9
63.9
63.9
63.9
63.9
63.8
63.8
63.6
63.6
63.6
63.6
63.6
63.6
63.4
63.2
63.1
63.1
63.2
63.3
63.3
63.3
63.3
63.2
63.1
63.1
63.1
63.0
63.1
63.5
63.5
63.7
63.6
63.6
63.2
63.0
63.2
63.7
63.4
63.3
63.1
63.1
63.3
63.3
63.1
63.1
63.1
63.1
63.1
63.1
63.1
63.1
63.3
63.8
63.4
63.5
63.5
63.5
63.3
63.3
63.3
63.3
63.3
63.4
62.7
62.8
62.8
63.0
63.0
63.0
63.0
63.0
63.0
63.1
63.1
63.7
63.4
63.4
63.7
63.6
63.6
63.6
63.3
63.3
63.5
63.5
63.5
63.8
63.6
63.6
63.5
63.4
63.7
